Label_V_01, [ 0.85 0.30 0.10 0.05 0.05 0.35 0.05 0.20 0.05 0.15 0.05 1.00 0.00 0.00 0.00 0.00 0.00 0.00 0.00 1.00 0.00 0.00 1.00 0.00 0.00 0.00 0.00 0.00 0.00 0.00 0.00 1.00 0.00 0.00 0.00 0.00 0.00 1.00 0.00 0.00 0.00 0.00 0.00 0.00 0.00 0.00 1.00 1.00 1.00 0.00 1.00 0.00 0.00 0.00 0.00 1.00 0.00 1.00 1.00 0.00 0.00 0.00 0.00 0.00 1.00 1.00 1.00 0.00 0.00 0.00 0.00 0.00 0.00 1.00 0.00 1.00 1.00 0.00 0.00 1.00 0.00 ]
Label_V_02, [ 1.00 0.10 0.00 0.00 0.20 0.95 0.00 0.20 0.00 0.00 0.10 1.00 0.00 0.00 0.00 0.00 0.00 0.00 1.00 0.00 1.00 0.00 1.00 0.00 0.00 1.00 0.00 0.00 1.00 0.00 0.00 1.00 1.00 0.00 0.00 0.00 0.00 1.00 0.00 0.00 0.00 0.00 1.00 0.00 0.00 0.00 1.00 1.00 1.00 0.00 1.00 0.00 0.00 0.00 0.00 1.00 0.00 1.00 1.00 0.00 1.00 0.00 0.00 0.00 0.00 1.00 1.00 0.00 0.00 0.00 0.00 0.00 0.00 1.00 0.00 1.00 1.00 0.00 0.00 0.00 1.00 ]
Label_V_03, [ 0.15 0.20 0.10 0.00 0.05 0.25 0.05 0.10 0.00 0.10 0.00 0.00 1.00 0.00 1.00 0.00 0.00 0.00 1.00 0.00 1.00 1.00 1.00 1.00 0.00 1.00 0.00 0.00 1.00 1.00 0.00 1.00 1.00 0.00 0.00 0.00 0.00 0.00 0.00 1.00 0.00 0.00 1.00 0.00 0.00 0.00 1.00 1.00 1.00 0.00 1.00 0.00 0.00 0.00 0.00 1.00 0.00 1.00 0.00 0.00 1.00 1.00 0.00 0.00 0.00 1.00 1.00 0.00 0.00 0.00 0.00 0.00 0.00 1.00 0.00 1.00 1.00 0.00 0.00 0.00 1.00 ]
Label_V_04, [ 0.35 0.35 0.20 0.00 0.05 0.05 0.00 0.15 0.00 0.25 0.20 0.00 0.00 1.00 1.00 0.00 0.00 0.00 1.00 0.00 1.00 1.00 1.00 1.00 0.00 1.00 0.00 0.00 1.00 0.00 1.00 1.00 1.00 0.00 0.00 0.00 0.00 0.00 0.00 0.00 1.00 0.00 1.00 0.00 0.00 0.00 1.00 1.00 0.00 1.00 0.00 1.00 0.00 0.20 1.00 1.00 0.00 0.00 0.00 1.00 0.00 0.60 0.15 0.00 0.00 0.00 0.00 1.00 0.00 0.00 0.00 0.00 0.00 1.00 0.00 1.00 1.00 0.00 0.00 0.00 1.00 ]
Label_V_05, [ 0.00 0.00 0.00 0.00 0.10 0.80 0.00 0.00 0.00 0.75 0.20 0.00 0.00 1.00 1.00 0.00 0.00 0.00 1.00 0.00 1.00 1.00 1.00 0.00 0.00 1.00 0.00 0.00 0.00 0.00 0.00 1.00 0.00 0.00 0.00 1.00 0.00 0.00 0.00 0.00 1.00 1.00 1.00 0.00 0.00 0.00 1.00 1.00 1.00 0.00 0.00 1.00 0.00 0.00 0.00 0.00 1.00 0.00 0.00 0.00 0.00 1.00 0.00 0.00 0.00 1.00 1.00 0.00 0.00 0.00 0.00 0.00 0.00 0.00 1.00 1.00 1.00 0.00 0.00 0.00 1.00 ]
Label_V_06, [ 1.00 0.10 0.25 0.00 0.00 0.15 0.05 0.65 0.00 0.10 0.05 0.25 0.45 0.35 0.30 0.00 0.00 0.00 0.00 1.00 0.00 0.35 0.20 0.35 0.00 1.00 0.00 0.00 1.00 0.90 0.00 1.00 0.00 0.00 0.00 0.00 0.00 0.05 0.05 0.90 0.00 0.00 1.00 0.00 0.00 0.00 1.00 1.00 1.00 0.00 0.65 0.35 0.00 1.00 0.00 1.00 0.00 1.00 0.00 0.00 0.00 1.00 0.00 0.00 0.00 1.00 1.00 0.00 0.00 0.00 0.00 0.00 0.00 1.00 0.00 1.00 1.00 0.00 0.00 0.00 1.00 ]
Label_V_07, [ 0.15 0.55 0.00 0.00 0.00 0.20 0.00 0.15 0.00 0.00 0.00 0.00 1.00 0.00 1.00 0.00 0.00 0.00 1.00 0.00 1.00 1.00 1.00 1.00 0.00 1.00 0.00 0.00 1.00 1.00 0.00 1.00 1.00 0.00 0.00 0.00 0.00 0.00 0.00 1.00 0.00 0.00 1.00 0.00 0.00 0.00 0.00 1.00 1.00 0.00 1.00 0.00 0.00 0.00 0.00 1.00 0.00 1.00 0.00 0.00 1.00 0.00 0.00 0.00 0.00 1.00 1.00 0.00 0.00 0.00 0.00 0.00 0.00 1.00 0.00 1.00 1.00 0.00 0.00 0.00 1.00 ]
Label_V_08, [ 0.15 0.20 0.35 0.00 0.00 0.25 0.00 0.10 0.00 0.00 0.00 0.00 1.00 0.00 1.00 0.00 0.00 0.00 1.00 0.00 1.00 1.00 1.00 1.00 0.00 1.00 0.00 0.00 1.00 1.00 0.00 1.00 1.00 0.00 0.00 0.00 0.00 0.00 0.00 1.00 0.00 0.00 1.00 0.00 0.00 0.00 1.00 1.00 1.00 0.00 1.00 0.00 0.00 0.00 0.00 1.00 0.00 1.00 0.00 0.00 1.00 0.00 0.00 0.00 0.00 1.00 1.00 0.00 0.00 0.00 0.00 0.00 0.00 1.00 0.00 1.00 1.00 0.00 0.00 0.00 1.00 ]
Label_V_09, [ 1.00 0.20 0.25 0.05 0.15 0.10 0.00 0.20 0.00 0.00 0.05 0.00 0.00 1.00 1.00 0.00 0.00 0.00 1.00 0.00 1.00 1.00 1.00 1.00 0.00 1.00 0.00 0.00 1.00 1.00 0.00 1.00 1.00 1.00 0.00 0.00 0.00 0.00 0.00 1.00 0.00 0.00 1.00 0.00 0.00 0.00 1.00 1.00 0.00 1.00 0.00 1.00 0.00 0.00 0.00 1.00 0.00 0.00 0.00 0.00 0.00 1.00 0.00 0.00 0.00 1.00 1.00 0.00 0.00 0.00 0.00 0.00 0.00 1.00 0.00 1.00 1.00 0.00 0.00 0.00 1.00 ]
Label_V_10, [ 0.90 0.05 0.20 0.00 0.05 0.20 0.05 0.50 0.00 0.05 0.10 0.00 0.00 1.00 1.00 0.00 0.00 0.00 1.00 0.00 1.00 1.00 1.00 1.00 0.00 1.00 0.00 0.00 1.00 1.00 0.00 1.00 1.00 0.00 0.00 0.00 0.00 0.00 0.00 0.70 0.30 0.00 1.00 0.00 0.00 0.00 1.00 1.00 0.00 1.00 0.00 1.00 0.00 0.00 0.00 1.00 0.00 0.00 0.00 0.00 0.00 1.00 0.00 0.00 0.00 1.00 0.00 0.00 0.00 0.00 0.00 0.00 0.00 1.00 0.00 1.00 1.00 0.00 0.00 0.00 1.00 ]
Label_V_11, [ 0.05 0.20 0.40 0.00 0.00 0.30 0.00 0.05 0.20 0.00 0.00 0.00 0.00 1.00 1.00 0.00 0.00 0.00 1.00 0.00 1.00 1.00 1.00 1.00 0.00 1.00 0.00 0.00 1.00 1.00 0.00 1.00 1.00 0.00 0.00 0.00 0.00 0.00 0.00 1.00 0.00 0.00 1.00 0.00 0.00 0.00 1.00 1.00 1.00 0.00 0.00 1.00 0.00 1.00 0.00 1.00 0.00 1.00 0.00 0.00 0.00 1.00 0.00 0.00 0.00 1.00 1.00 0.00 0.00 0.00 0.00 0.00 0.00 1.00 0.00 1.00 1.00 0.00 0.00 0.00 1.00 ]
Label_V_12, [ 0.95 0.20 0.05 0.00 0.00 0.15 0.00 0.50 0.00 0.10 0.05 0.00 0.00 1.00 1.00 0.00 0.00 0.00 1.00 0.00 1.00 1.00 1.00 1.00 0.00 1.00 0.00 0.00 1.00 1.00 0.00 1.00 1.00 0.00 0.00 0.00 0.00 0.00 0.00 0.25 0.75 0.00 1.00 0.00 0.00 0.00 1.00 1.00 1.00 0.00 0.00 1.00 0.00 1.00 0.00 1.00 0.00 0.00 0.00 0.00 0.00 1.00 0.00 0.00 0.00 1.00 1.00 0.00 0.00 0.00 0.00 0.00 0.00 1.00 0.00 1.00 1.00 0.00 0.00 0.00 1.00 ]
Label_V_13, [ 0.10 0.85 0.15 0.00 0.00 0.05 0.00 0.15 0.00 0.00 0.00 0.00 0.00 1.00 1.00 0.00 0.00 0.00 1.00 0.00 1.00 1.00 1.00 1.00 0.00 1.00 0.00 0.00 1.00 1.00 0.00 1.00 1.00 0.00 0.00 0.00 0.00 0.00 0.00 0.95 0.05 0.00 1.00 0.00 0.00 0.00 1.00 1.00 1.00 0.00 0.00 1.00 0.00 1.00 1.00 1.00 0.00 1.00 0.00 0.00 0.35 0.65 0.00 0.00 0.00 1.00 1.00 0.00 0.00 0.00 0.00 0.00 0.00 1.00 0.00 1.00 1.00 0.00 0.00 0.00 1.00 ]
Label_V_14, [ 0.35 0.15 0.10 0.00 0.00 1.00 0.00 0.35 0.00 0.00 0.00 0.00 0.00 1.00 1.00 0.00 0.00 0.00 1.00 0.00 1.00 1.00 1.00 1.00 0.00 1.00 0.00 0.00 1.00 1.00 0.00 1.00 1.00 0.00 0.00 0.00 0.00 0.00 0.00 0.15 0.85 0.00 1.00 0.00 0.00 0.00 1.00 1.00 1.00 0.00 0.00 1.00 0.00 1.00 0.00 1.00 0.00 0.00 0.00 0.00 0.00 1.00 0.00 0.00 0.00 1.00 1.00 0.00 0.00 0.00 0.00 0.00 0.00 0.00 1.00 1.00 1.00 0.00 0.00 0.00 1.00 ]
Label_V_15, [ 0.35 0.15 0.15 0.00 0.00 0.10 0.00 0.30 0.00 0.20 0.00 1.00 0.00 0.00 0.00 0.00 0.00 0.00 0.00 0.00 1.00 0.00 1.00 0.00 0.00 1.00 0.00 0.00 1.00 0.00 0.00 1.00 0.00 0.00 0.00 0.00 0.00 0.00 1.00 0.00 0.00 0.00 1.00 0.00 0.00 0.00 1.00 1.00 1.00 0.00 1.00 0.00 0.00 0.00 0.00 1.00 0.00 1.00 0.00 0.40 0.40 0.60 0.00 0.00 0.00 1.00 1.00 0.00 0.00 0.00 0.00 0.00 0.00 1.00 0.00 1.00 1.00 0.00 0.00 0.00 1.00 ]
Label_V_16, [ 0.25 1.00 0.10 0.00 0.00 0.00 0.05 0.45 0.00 0.00 0.00 0.00 0.00 1.00 1.00 0.00 0.00 0.00 1.00 0.00 1.00 1.00 1.00 1.00 0.00 1.00 0.00 0.00 1.00 1.00 0.00 1.00 1.00 0.00 0.00 0.00 0.00 0.00 0.00 1.00 0.00 0.00 1.00 0.00 0.00 0.00 1.00 1.00 1.00 0.00 1.00 0.00 0.00 0.00 1.00 0.00 0.00 0.00 0.00 0.00 0.00 1.00 0.00 0.00 0.00 1.00 1.00 0.00 0.00 0.00 0.00 0.00 0.00 1.00 0.00 1.00 1.00 0.00 0.00 0.00 1.00 ]
Label_V_17, [ 0.25 0.95 0.65 0.00 0.00 0.00 0.00 0.05 0.00 0.00 0.00 0.00 1.00 0.00 1.00 0.00 0.00 0.00 1.00 0.00 1.00 1.00 1.00 1.00 0.00 1.00 0.00 0.00 1.00 1.00 0.00 1.00 1.00 0.00 0.00 0.00 0.00 0.00 0.00 1.00 0.00 0.00 1.00 0.00 0.00 0.00 1.00 1.00 1.00 0.00 1.00 0.00 0.00 0.00 1.00 0.00 0.00 0.00 0.00 0.00 1.00 0.00 0.00 0.00 0.00 1.00 1.00 0.00 0.00 0.00 0.00 0.00 0.00 1.00 0.00 1.00 1.00 0.00 0.00 0.00 1.00 ]
Label_V_18, [ 0.95 0.25 0.00 0.00 0.00 0.60 0.00 1.00 0.00 0.00 0.30 0.00 0.05 0.95 0.95 0.00 0.00 0.00 1.00 0.00 1.00 0.95 1.00 0.95 0.00 0.95 0.00 0.00 1.00 1.00 0.00 1.00 0.05 0.00 0.00 0.00 0.00 0.00 0.00 0.55 0.45 0.00 1.00 0.00 0.00 0.00 1.00 1.00 1.00 0.00 0.05 0.95 0.00 0.00 1.00 1.00 0.00 0.00 0.00 0.05 0.00 0.95 0.00 0.00 0.00 1.00 1.00 0.00 0.00 0.00 0.00 0.00 0.00 1.00 0.00 1.00 1.00 0.00 0.00 0.00 1.00 ]
Label_V_19, [ 0.00 0.90 0.85 0.05 0.00 0.00 0.00 0.10 0.00 0.05 0.00 0.00 0.00 1.00 1.00 0.00 0.00 0.00 1.00 0.00 1.00 1.00 1.00 1.00 0.00 1.00 0.00 0.00 1.00 1.00 0.00 1.00 1.00 0.00 0.00 0.00 0.00 0.00 0.00 1.00 0.00 0.00 1.00 0.00 0.00 0.00 1.00 1.00 1.00 0.00 0.00 1.00 1.00 1.00 0.00 0.00 0.00 0.00 0.00 0.00 0.00 1.00 0.00 0.00 0.00 1.00 1.00 0.00 0.00 0.00 0.00 0.00 0.00 1.00 0.00 1.00 1.00 0.00 0.00 0.00 1.00 ]
Label_V_20, [ 0.10 0.75 0.45 0.10 0.00 0.10 0.10 0.05 0.00 0.20 0.00 0.40 0.00 0.60 0.60 0.00 0.00 0.00 1.00 0.00 1.00 0.55 1.00 0.55 0.00 1.00 0.00 0.00 1.00 1.00 0.00 1.00 1.00 0.00 0.00 0.00 0.00 0.00 0.10 1.00 0.00 0.00 1.00 0.00 0.00 0.00 1.00 1.00 1.00 0.00 1.00 0.45 1.00 0.00 0.00 0.00 0.00 0.00 0.00 0.35 0.10 0.65 0.00 0.00 0.00 1.00 1.00 0.00 0.00 0.00 0.00 0.00 0.00 1.00 0.00 1.00 1.00 0.00 0.00 0.10 0.90 ]
Label_V_21, [ 0.25 0.05 0.15 0.05 0.00 0.70 0.00 0.30 0.00 0.05 0.05 0.90 0.00 0.10 0.00 0.00 0.00 0.80 0.00 1.00 0.00 1.00 1.00 1.00 0.00 0.00 0.00 0.00 0.00 0.00 1.00 0.00 0.00 0.00 0.00 0.00 0.00 0.00 0.00 0.00 0.00 0.00 0.00 0.00 0.00 0.00 1.00 0.00 1.00 0.00 1.00 0.00 0.00 0.00 0.00 1.00 0.00 0.00 0.00 1.00 0.00 0.00 0.00 0.00 0.00 0.00 0.00 1.00 0.00 0.00 0.00 0.00 0.00 0.00 1.00 1.00 1.00 0.00 0.00 0.00 1.00 ]
Label_V_22, [ 0.00 1.00 0.00 0.00 0.00 0.25 0.00 0.00 0.00 0.00 0.00 0.00 0.00 1.00 1.00 0.00 0.00 0.00 1.00 0.00 1.00 1.00 1.00 0.00 1.00 1.00 0.00 0.00 0.00 0.00 0.00 0.00 0.00 0.00 0.00 0.00 0.00 0.00 0.00 0.00 0.00 0.00 0.00 0.00 1.00 0.00 1.00 0.00 1.00 0.00 0.00 1.00 0.00 1.00 0.00 0.00 0.00 0.00 0.00 0.00 0.00 0.00 1.00 0.10 0.00 0.00 0.00 0.00 0.00 0.00 0.00 1.00 1.00 0.00 1.00 1.00 1.00 0.00 0.00 0.00 1.00 ]
Label_V_23, [ 0.00 1.00 0.10 0.00 0.00 0.10 0.00 0.15 0.00 0.05 0.00 0.00 0.00 1.00 1.00 0.00 0.00 0.00 1.00 0.00 1.00 1.00 1.00 1.00 1.00 1.00 0.00 0.00 0.00 0.00 0.00 0.00 0.00 0.00 0.00 0.00 0.00 0.00 1.00 0.00 0.00 0.00 1.00 0.00 1.00 0.00 1.00 1.00 0.00 1.00 0.05 0.95 0.00 0.00 0.00 1.00 0.00 0.00 0.00 0.00 0.00 0.00 1.00 0.00 0.00 0.00 0.00 0.00 0.00 0.00 0.00 1.00 0.00 0.00 1.00 1.00 1.00 0.00 0.00 0.00 1.00 ]
Label_V_24, [ 0.35 0.55 0.00 0.20 0.00 0.55 0.05 0.15 0.00 0.00 0.00 0.00 0.80 0.20 1.00 0.00 0.00 0.00 1.00 0.00 1.00 1.00 1.00 1.00 0.20 1.00 0.00 0.00 1.00 1.00 0.00 1.00 1.00 0.05 0.85 0.00 0.00 0.00 0.00 1.00 0.00 0.00 1.00 0.00 1.00 0.00 1.00 1.00 1.00 0.00 1.00 0.00 0.00 0.00 0.00 0.95 0.05 0.95 0.00 0.00 1.00 0.00 0.00 0.00 0.00 1.00 1.00 0.00 0.00 0.00 0.00 1.00 0.00 0.00 1.00 1.00 1.00 0.00 0.00 0.00 1.00 ]
Label_V_25, [ 0.15 0.15 0.15 0.00 0.00 0.55 0.05 0.10 0.00 0.10 0.10 0.00 0.00 1.00 1.00 0.00 0.00 0.00 1.00 0.00 1.00 0.00 1.00 1.00 0.85 1.00 0.00 0.00 0.00 0.00 0.00 0.00 0.00 0.00 0.15 1.00 0.00 0.00 1.00 0.00 0.00 1.00 1.00 0.00 1.00 0.00 1.00 1.00 1.00 0.00 0.00 0.00 0.00 0.00 0.00 0.00 1.00 0.00 0.00 0.00 0.00 0.00 1.00 0.00 0.00 0.00 0.00 0.00 0.00 0.00 0.00 1.00 0.00 0.00 1.00 1.00 1.00 0.00 0.00 0.00 1.00 ]
Label_V_26, [ 0.10 0.75 0.10 0.00 0.00 0.00 0.05 0.10 0.05 0.00 0.15 0.00 0.25 0.75 0.00 0.00 0.00 0.00 1.00 0.00 1.00 0.05 1.00 0.70 0.00 0.00 0.00 0.00 0.00 0.00 0.00 0.00 0.00 0.00 0.00 0.00 0.00 0.00 0.70 0.00 0.00 0.00 0.00 0.00 1.00 0.00 1.00 1.00 1.00 0.05 1.00 0.00 0.00 0.00 0.00 1.00 0.45 0.00 0.00 0.00 0.00 0.00 0.70 1.00 0.00 0.00 0.00 0.00 0.00 0.00 0.00 1.00 0.00 0.00 1.00 1.00 1.00 0.00 0.00 0.00 1.00 ]
Label_V_27, [ 0.05 0.10 0.35 0.15 0.00 0.00 0.25 0.65 0.10 0.25 0.40 0.00 0.00 1.00 0.00 0.05 0.95 0.00 0.00 1.00 0.00 0.00 0.00 0.00 0.00 0.00 0.00 0.00 0.00 0.00 0.00 0.00 0.00 0.00 0.00 0.00 1.00 0.00 0.00 0.00 0.00 0.00 0.00 0.00 1.00 0.00 0.00 0.00 1.00 0.00 1.00 0.00 0.00 1.00 0.00 1.00 0.00 0.00 0.00 0.00 0.00 0.00 1.00 1.00 0.00 0.00 0.00 0.00 0.00 0.00 0.00 1.00 0.00 0.00 1.00 0.00 1.00 0.00 1.00 0.00 1.00 ]
Label_V_28, [ 0.05 0.00 0.15 0.00 0.00 1.00 0.00 0.00 0.00 0.00 0.00 0.00 0.00 1.00 1.00 0.00 0.00 0.00 1.00 0.00 1.00 1.00 1.00 1.00 0.65 1.00 0.00 0.00 0.00 0.00 0.00 0.00 0.00 0.00 0.30 0.00 0.00 0.00 1.00 0.00 0.00 1.00 1.00 0.00 1.00 0.00 1.00 1.00 0.00 1.00 0.00 1.00 0.00 0.00 0.00 0.00 1.00 0.00 0.00 0.00 0.00 0.00 1.00 0.00 0.00 0.00 0.00 0.00 0.00 0.00 0.00 1.00 0.00 0.00 1.00 1.00 1.00 0.00 0.00 0.00 1.00 ]
Label_V_29, [ 0.35 0.05 0.00 0.00 0.10 1.00 0.00 0.00 0.00 0.85 0.00 0.00 0.00 1.00 1.00 0.00 0.00 0.00 1.00 0.00 1.00 1.00 1.00 1.00 0.00 1.00 0.00 0.00 0.00 0.00 0.00 0.00 0.00 0.00 1.00 1.00 0.00 0.05 0.50 0.20 0.00 1.00 1.00 0.00 1.00 0.00 1.00 1.00 1.00 0.00 1.00 0.00 0.00 0.00 0.00 0.00 1.00 0.00 0.00 0.00 0.00 0.00 1.00 0.00 0.00 0.00 0.00 0.00 0.00 0.00 0.00 1.00 0.00 0.00 1.00 1.00 1.00 0.00 0.00 0.00 1.00 ]
Label_V_30, [ 0.10 0.75 0.70 0.10 0.00 0.05 0.00 0.45 0.00 0.05 0.05 0.00 0.00 1.00 1.00 0.00 0.00 0.00 1.00 0.00 1.00 1.00 1.00 1.00 0.00 1.00 0.00 0.00 0.00 0.00 0.00 0.00 0.00 0.00 1.00 0.00 0.00 0.00 0.60 0.00 0.00 0.00 1.00 0.00 1.00 0.00 1.00 1.00 0.55 0.45 0.05 0.95 0.00 0.00 1.00 1.00 0.95 0.00 0.00 0.00 0.00 0.00 1.00 0.00 0.00 0.00 0.00 0.00 0.00 0.00 0.00 1.00 0.00 1.00 0.00 1.00 1.00 0.00 0.00 0.00 1.00 ]
Label_V_31, [ 0.00 0.80 0.20 0.00 0.00 0.10 0.05 0.10 0.00 0.00 0.15 0.00 0.00 1.00 1.00 0.00 1.00 0.00 1.00 1.00 0.00 0.30 0.30 0.30 0.00 0.00 0.00 0.00 0.00 0.00 0.00 0.00 0.00 0.00 0.00 0.00 1.00 0.10 0.00 0.05 0.20 0.00 0.00 0.00 1.00 0.00 1.00 1.00 0.80 0.20 0.00 1.00 0.00 0.95 0.00 1.00 1.00 0.00 0.00 0.00 0.00 0.00 1.00 0.00 0.00 0.00 0.00 0.00 0.00 0.00 0.00 1.00 0.00 0.00 1.00 1.00 1.00 0.00 1.00 0.00 1.00 ]
Label_V_32, [ 0.20 0.25 0.00 0.00 0.10 0.45 0.00 0.05 0.00 0.15 0.05 0.00 0.10 0.90 0.00 0.00 0.00 0.00 1.00 1.00 0.00 0.05 0.70 0.05 0.00 0.50 0.00 0.30 0.50 0.00 0.00 0.00 0.00 0.00 0.50 0.00 1.00 0.00 0.00 0.00 0.00 0.00 0.50 0.00 0.00 1.00 1.00 1.00 0.55 0.45 0.55 0.45 0.00 0.00 0.00 1.00 0.00 1.00 0.00 0.00 0.00 0.65 0.00 0.00 0.40 0.00 0.00 0.00 1.00 1.00 1.00 0.00 0.00 0.15 0.85 0.95 0.15 0.85 0.30 0.10 0.90 ]
Label_V_33, [ 0.00 1.00 0.10 0.00 0.00 1.00 0.00 0.15 0.00 0.05 0.00 0.00 0.00 1.00 1.00 0.00 0.00 0.00 1.00 0.00 1.00 1.00 1.00 1.00 0.00 1.00 0.00 1.00 1.00 1.00 0.00 0.00 0.00 0.00 1.00 0.00 1.00 0.00 0.00 0.00 0.00 0.00 1.00 0.00 0.00 1.00 1.00 1.00 0.00 1.00 0.00 1.00 0.00 0.00 0.00 1.00 0.00 0.00 0.00 0.00 0.00 1.00 0.00 0.00 0.00 0.00 0.00 0.00 1.00 1.00 1.00 0.00 0.00 1.00 0.00 1.00 1.00 0.00 0.00 0.00 1.00 ]
Label_V_34, [ 0.65 0.50 0.25 0.00 0.05 0.15 0.15 0.25 0.00 0.00 0.05 0.00 0.00 1.00 1.00 0.00 0.00 0.00 1.00 0.00 1.00 1.00 1.00 1.00 0.00 1.00 0.00 1.00 1.00 0.00 0.00 0.00 0.00 0.00 1.00 0.00 1.00 0.00 0.00 0.00 0.00 0.00 1.00 0.00 0.00 1.00 1.00 1.00 0.00 1.00 0.00 1.00 0.00 1.00 0.00 1.00 0.00 0.00 0.00 0.00 0.00 1.00 1.00 0.00 0.00 0.00 0.00 0.00 1.00 1.00 1.00 0.00 0.00 1.00 0.00 1.00 1.00 0.00 0.00 0.00 1.00 ]
Label_V_35, [ 0.05 0.95 0.10 0.00 0.00 0.00 0.10 0.05 0.00 0.05 0.00 0.00 0.25 0.75 0.40 0.00 0.00 0.00 1.00 0.00 1.00 0.45 1.00 0.45 0.00 1.00 0.00 0.00 1.00 1.00 0.00 0.00 0.00 0.00 1.00 0.00 1.00 0.00 0.00 0.00 0.00 0.00 0.00 0.00 0.00 1.00 1.00 1.00 0.50 0.50 0.50 0.50 0.00 0.00 0.00 1.00 0.00 0.00 0.00 0.00 0.60 0.40 0.00 0.00 0.00 0.00 0.00 0.00 1.00 1.00 1.00 0.00 0.00 0.00 1.00 1.00 1.00 0.00 0.00 0.00 1.00 ]
Label_V_36, [ 0.35 1.00 0.15 0.00 0.15 0.90 0.00 0.10 0.00 0.00 0.05 0.00 0.00 1.00 0.85 0.00 0.00 0.00 1.00 1.00 0.00 0.60 1.00 0.60 0.00 0.00 1.00 1.00 0.00 0.00 0.00 0.00 0.00 0.00 0.00 0.10 1.00 0.00 0.00 0.00 0.00 0.00 0.00 0.00 0.00 1.00 1.00 1.00 0.35 0.65 0.35 0.65 0.00 0.00 0.00 0.85 0.15 0.00 0.85 0.00 0.00 0.00 0.00 1.00 0.00 0.00 0.00 0.00 1.00 1.00 1.00 0.00 0.00 0.40 0.60 1.00 0.45 1.00 1.00 0.00 1.00 ]
Label_V_37, [ 0.20 0.00 0.00 0.00 0.00 0.95 0.00 0.00 0.00 0.00 0.00 0.00 0.00 1.00 1.00 0.00 0.00 0.00 1.00 0.00 1.00 1.00 1.00 1.00 0.00 1.00 0.00 0.00 1.00 0.00 0.00 0.00 0.00 0.00 1.00 1.00 1.00 0.00 0.00 0.00 0.00 1.00 1.00 0.00 0.00 1.00 1.00 1.00 0.00 1.00 0.00 1.00 0.00 0.00 0.00 0.00 1.00 0.00 0.00 1.00 0.00 1.00 1.00 0.00 0.00 0.00 0.00 0.00 1.00 0.00 1.00 0.00 0.00 1.00 0.00 1.00 1.00 0.00 0.00 0.00 1.00 ]
Label_V_38, [ 1.00 0.00 0.00 0.00 0.00 0.00 0.00 0.00 0.00 0.00 0.00 0.00 0.00 1.00 1.00 0.00 1.00 0.00 1.00 0.00 1.00 1.00 1.00 0.00 0.00 1.00 0.00 0.00 0.00 0.00 0.00 0.00 0.00 0.00 1.00 1.00 1.00 0.00 0.00 0.00 0.00 1.00 1.00 1.00 0.00 1.00 1.00 1.00 0.00 1.00 0.00 1.00 0.00 0.00 0.00 0.00 1.00 0.00 0.00 0.00 0.00 0.00 1.00 0.00 0.00 0.00 0.00 0.00 0.00 0.00 1.00 0.00 0.00 0.00 1.00 1.00 0.00 0.00 0.00 0.00 1.00 ]
Label_V_39, [ 0.90 0.30 0.15 0.00 0.00 0.65 0.00 0.05 0.00 0.00 0.10 0.00 0.00 1.00 1.00 0.00 0.15 0.00 1.00 0.00 1.00 0.90 1.00 0.90 0.00 1.00 0.00 0.00 1.00 0.00 0.00 0.00 0.00 0.00 1.00 0.20 0.90 0.00 0.00 0.00 0.00 0.00 1.00 0.00 0.00 1.00 1.00 1.00 0.15 0.85 0.10 0.90 0.00 0.00 0.00 0.20 0.60 0.10 0.00 0.00 0.00 1.00 0.00 0.00 0.00 0.00 0.00 0.00 1.00 1.00 1.00 0.00 0.00 1.00 0.00 1.00 1.00 0.00 1.00 0.00 1.00 ]
Label_V_40, [ 0.95 0.10 0.00 0.00 0.10 0.20 0.10 0.20 0.00 0.05 0.00 1.00 0.00 0.00 0.00 0.00 0.00 0.00 0.00 1.00 0.00 0.00 0.00 0.00 0.00 0.00 0.00 0.00 0.00 0.00 0.00 0.00 0.00 0.00 0.00 0.00 0.00 1.00 0.00 0.00 0.00 0.00 0.85 0.00 0.00 0.00 1.00 1.00 1.00 0.00 0.00 0.00 0.00 0.00 0.00 1.00 0.00 1.00 0.00 1.00 0.00 0.00 0.00 0.00 0.00 1.00 0.00 0.00 0.00 0.00 0.00 0.00 0.00 0.00 1.00 1.00 1.00 0.00 0.00 0.25 0.75 ]
Label_V_41, [ 0.40 0.10 0.20 0.05 0.00 0.30 0.05 0.10 0.05 0.00 0.10 1.00 0.00 0.00 0.00 0.00 0.00 0.00 1.00 0.00 1.00 0.00 1.00 0.00 0.00 0.00 0.00 0.00 1.00 0.00 0.00 1.00 0.00 0.00 0.00 0.00 0.00 1.00 0.35 0.20 0.20 0.15 1.00 0.00 0.00 0.00 1.00 1.00 1.00 0.00 1.00 0.00 0.00 0.00 0.00 1.00 0.00 1.00 0.00 1.00 0.00 0.00 0.00 0.00 0.00 1.00 1.00 0.00 0.00 0.00 0.00 0.00 0.00 1.00 0.00 1.00 1.00 0.00 0.00 0.00 1.00 ]
Label_V_42, [ 0.95 0.15 0.05 0.00 0.00 0.10 0.10 0.15 0.00 0.00 0.70 0.00 0.00 1.00 1.00 0.00 0.00 0.00 1.00 0.00 1.00 1.00 1.00 1.00 0.00 1.00 0.00 0.00 1.00 1.00 0.00 1.00 1.00 0.00 0.00 0.00 0.00 0.00 0.00 0.40 0.60 0.00 1.00 0.00 0.00 0.00 1.00 1.00 1.00 0.00 0.00 0.00 0.00 1.00 1.00 1.00 0.00 0.00 0.00 0.00 0.00 1.00 0.00 0.00 0.00 1.00 1.00 0.00 0.00 0.00 0.00 0.00 0.00 0.00 1.00 1.00 1.00 0.00 0.00 0.00 1.00 ]
Label_V_43, [ 0.20 0.65 0.00 0.00 0.25 0.15 0.00 0.00 0.00 0.10 0.00 0.00 0.00 1.00 1.00 0.00 0.00 0.00 1.00 0.00 1.00 1.00 1.00 1.00 0.00 1.00 0.00 0.00 1.00 1.00 0.00 1.00 1.00 0.00 0.00 0.00 0.00 0.00 0.00 1.00 0.00 0.00 1.00 0.00 0.00 0.00 1.00 1.00 1.00 0.00 0.00 1.00 0.00 1.00 1.00 1.00 0.00 1.00 0.00 0.00 0.00 1.00 0.00 0.00 0.00 1.00 1.00 0.00 0.00 0.00 0.00 0.00 0.00 1.00 0.00 1.00 1.00 0.00 0.00 0.00 1.00 ]
Label_V_44, [ 0.90 0.00 0.05 0.00 0.05 0.15 0.00 0.05 0.00 0.30 0.05 0.00 1.00 0.00 1.00 0.00 0.00 0.00 1.00 0.00 1.00 0.90 1.00 0.65 0.00 1.00 0.00 0.00 1.00 1.00 0.00 1.00 1.00 0.00 0.00 0.00 0.00 0.00 0.00 1.00 0.00 0.00 1.00 0.00 0.00 0.00 1.00 1.00 1.00 0.00 1.00 0.00 0.00 0.00 0.00 1.00 0.20 1.00 0.00 0.00 1.00 0.00 0.00 0.00 0.00 1.00 1.00 0.00 0.00 0.00 0.00 0.00 0.00 1.00 0.00 1.00 1.00 0.00 0.10 0.00 1.00 ]
Label_V_45, [ 0.85 0.10 0.05 0.00 0.00 0.15 0.20 0.40 0.00 0.00 0.20 1.00 0.00 0.00 0.00 0.00 0.00 0.00 1.00 0.00 1.00 0.00 1.00 0.20 0.00 1.00 0.00 0.00 1.00 1.00 0.00 1.00 0.30 0.00 0.00 0.00 0.00 0.00 0.00 1.00 0.00 0.00 0.25 0.00 0.00 0.00 1.00 1.00 1.00 0.00 1.00 0.00 0.00 0.00 0.00 1.00 0.00 1.00 1.00 0.00 1.00 0.00 0.00 0.00 0.00 1.00 0.45 0.00 0.00 0.00 0.00 0.00 0.00 1.00 0.00 1.00 1.00 0.00 0.00 0.00 1.00 ]
Label_V_46, [ 0.90 0.20 0.25 0.05 0.00 0.50 0.10 0.20 0.00 0.05 0.10 0.00 1.00 0.00 0.00 0.00 0.00 0.00 1.00 0.00 1.00 1.00 1.00 1.00 0.00 1.00 0.00 0.00 1.00 1.00 0.00 1.00 1.00 0.00 0.00 0.00 0.00 0.00 0.00 1.00 0.00 0.00 1.00 0.00 0.00 0.00 1.00 1.00 1.00 0.00 1.00 0.00 0.00 0.00 0.00 1.00 0.00 1.00 1.00 0.00 1.00 0.00 0.00 0.00 0.00 1.00 0.00 0.00 0.00 0.00 0.00 0.00 0.00 0.00 1.00 1.00 1.00 0.00 0.00 0.00 1.00 ]
Label_V_47, [ 1.00 0.00 0.10 0.00 0.00 0.00 0.20 0.00 0.00 0.00 0.70 0.00 0.00 1.00 1.00 0.00 0.00 1.00 1.00 1.00 0.00 1.00 1.00 1.00 0.00 1.00 0.00 0.00 1.00 1.00 0.00 1.00 1.00 0.00 0.00 0.00 0.00 0.00 0.00 0.00 1.00 0.00 1.00 0.00 0.00 0.00 1.00 1.00 1.00 0.00 0.00 0.00 0.00 1.00 1.00 1.00 1.00 0.00 0.00 0.00 0.00 1.00 0.00 0.00 0.00 1.00 1.00 0.00 0.00 0.00 0.00 0.00 0.00 0.00 1.00 1.00 0.00 0.00 0.00 0.00 1.00 ]
Label_V_48, [ 0.15 0.60 0.35 0.00 0.00 0.00 0.10 0.20 0.10 0.20 0.15 0.00 0.00 1.00 1.00 0.00 0.00 0.00 1.00 1.00 0.00 1.00 1.00 1.00 0.00 1.00 0.00 0.00 1.00 1.00 1.00 1.00 0.05 1.00 0.00 0.00 0.00 0.00 0.00 0.00 1.00 0.00 1.00 0.00 0.00 0.00 1.00 1.00 0.00 1.00 0.00 1.00 0.00 0.00 0.00 1.00 0.00 0.00 0.00 1.00 0.00 0.00 0.00 0.00 0.00 0.00 0.00 1.00 0.00 0.00 0.00 0.00 0.00 1.00 0.00 1.00 1.00 0.00 0.00 0.00 1.00 ]
Label_V_49, [ 1.00 0.00 0.15 0.00 0.00 0.00 0.00 0.00 0.00 0.00 1.00 0.00 0.00 1.00 1.00 0.00 0.00 1.00 1.00 1.00 0.00 1.00 1.00 1.00 0.00 1.00 0.00 0.00 1.00 1.00 0.00 1.00 1.00 0.00 0.00 0.00 0.00 0.00 0.00 1.00 0.00 0.00 1.00 0.00 0.00 0.00 1.00 1.00 1.00 0.00 0.00 0.00 0.00 1.00 1.00 1.00 1.00 0.00 0.00 0.00 0.00 1.00 0.00 0.00 0.00 1.00 1.00 0.00 0.00 0.00 0.00 0.00 0.00 0.00 1.00 1.00 0.00 0.00 0.00 0.00 1.00 ]
Label_V_50, [ 1.00 0.05 0.15 0.00 0.05 0.30 0.35 0.30 0.00 0.05 0.15 0.00 1.00 0.00 1.00 0.00 0.00 0.00 0.05 1.00 0.00 0.05 1.00 0.05 0.00 1.00 0.00 0.00 1.00 1.00 0.00 1.00 0.00 0.00 0.00 0.00 0.00 0.00 0.00 1.00 0.00 0.00 1.00 0.00 0.00 0.00 1.00 1.00 1.00 0.00 0.00 1.00 0.00 1.00 0.00 1.00 0.00 0.00 0.00 0.00 0.00 1.00 0.00 0.00 0.00 1.00 0.00 0.00 0.00 0.00 0.00 0.00 0.00 1.00 0.00 1.00 1.00 0.00 0.00 0.00 1.00 ]
