Label_H_01, /images/H_afro/afe91e3e757f9bd3dde0d824991444be.jpg, [ 1.00 0.00 0.00 1.00 0.00 1.00 0.00 1.00 0.00 1.00 1.00 0.00 1.00 0.00 0.00 1.00 0.00 0.00 1.00 0.00 1.00 1.00 ]
Label_H_01, /images/H_afro/8eb0799d964ff1ad565ae75d9c086cdc.jpg, [ 0.00 1.00 0.00 1.00 0.00 1.00 1.00 1.00 0.00 1.00 1.00 0.00 1.00 0.00 1.00 1.00 1.00 0.00 1.00 0.00 1.00 0.00 ]
Label_H_01, /images/H_afro/ab15e0b4dd1704f8881d3edce641761e.jpg, [ 1.00 0.00 0.00 1.00 0.00 0.00 0.00 1.00 0.00 1.00 1.00 0.00 1.00 0.00 1.00 1.00 1.00 0.00 1.00 0.00 1.00 0.00 ]
Label_H_01, /images/H_afro/57bc5fdb8dee735e62ff4dcc58ee4355.jpg, [ 0.00 0.00 0.00 1.00 0.00 0.00 0.00 1.00 0.00 1.00 1.00 0.00 1.00 0.00 0.00 0.00 0.00 0.00 1.00 0.00 1.00 1.00 ]
Label_H_01, /images/H_afro/676e5bc362b566debb85ad21bfef693d.jpg, [ 1.00 1.00 0.00 1.00 1.00 1.00 0.00 1.00 0.00 1.00 1.00 0.00 1.00 0.00 1.00 1.00 1.00 0.00 1.00 0.00 1.00 0.00 ]
Label_H_01, /images/H_afro/ef84b39c045c9a476b0568f111d65213.jpg, [ 0.00 0.00 1.00 1.00 0.00 0.00 1.00 1.00 0.00 1.00 1.00 0.00 1.00 0.00 1.00 1.00 1.00 0.00 1.00 0.00 1.00 0.00 ]
Label_H_01, /images/H_afro/bfef04419456dfa57024e10ccf1c5c1f.jpg, [ 0.00 1.00 0.00 1.00 0.00 0.00 0.00 1.00 0.00 1.00 1.00 0.00 1.00 0.00 1.00 0.00 1.00 0.00 1.00 0.00 1.00 0.00 ]
Label_H_01, /images/H_afro/3e2801f1691bf5d7597964cc2d579e2b.jpg, [ 0.00 1.00 0.00 1.00 0.00 1.00 0.00 1.00 0.00 1.00 1.00 0.00 1.00 0.00 1.00 0.00 1.00 0.00 1.00 0.00 1.00 0.00 ]
Label_H_01, /images/H_afro/5b122d87e7ab2ef1403db428645f9554.jpg, [ 1.00 0.00 0.00 1.00 0.00 0.00 0.00 1.00 0.00 1.00 1.00 0.00 1.00 0.00 0.00 1.00 1.00 0.00 1.00 0.00 1.00 0.00 ]
Label_H_01, /images/H_afro/39d32aa98c9b6f2a08ee0da4f854e2ec.jpg, [ 1.00 0.00 0.00 1.00 0.00 0.00 1.00 1.00 0.00 1.00 1.00 1.00 1.00 0.00 1.00 1.00 1.00 0.00 1.00 0.00 1.00 0.00 ]
Label_H_01, /images/H_afro/9c97dac1a0e8e991493587a0029e8eb4.jpg, [ 1.00 0.00 0.00 1.00 0.00 0.00 0.00 1.00 0.00 1.00 1.00 0.00 1.00 0.00 1.00 1.00 1.00 0.00 1.00 0.00 1.00 0.00 ]
Label_H_01, /images/H_afro/fd608aa11a81bdeab1d6f5c111644c03.jpg, [ 1.00 0.00 0.00 1.00 1.00 1.00 1.00 1.00 0.00 1.00 1.00 0.00 1.00 0.00 0.00 1.00 1.00 0.00 1.00 0.00 1.00 0.00 ]
Label_H_01, /images/H_afro/6ed7d8c35c1cb5ef1d9580531982121e.jpg, [ 1.00 0.00 0.00 1.00 1.00 1.00 0.00 1.00 0.00 1.00 1.00 0.00 1.00 0.00 1.00 0.00 1.00 0.00 1.00 0.00 1.00 0.00 ]
Label_H_01, /images/H_afro/7d2795d08b3e1afa6fbc797c4b8b431e.jpg, [ 0.00 1.00 0.00 1.00 0.00 0.00 1.00 1.00 0.00 1.00 1.00 0.00 1.00 0.00 0.00 1.00 0.00 0.00 1.00 0.00 1.00 0.00 ]
Label_H_01, /images/H_afro/5375a51e9fb81f2946da430a23b2aaf4.jpg, [ 1.00 0.00 0.00 1.00 0.00 0.00 1.00 1.00 0.00 1.00 1.00 0.00 1.00 0.00 1.00 0.00 1.00 0.00 1.00 0.00 1.00 0.00 ]
Label_H_01, /images/H_afro/df539b786f2aa33a4d477727abe6a0f6.jpg, [ 1.00 0.00 0.00 1.00 0.00 0.00 0.00 1.00 0.00 1.00 1.00 0.00 1.00 0.00 0.00 0.00 1.00 0.00 1.00 0.00 1.00 0.00 ]
Label_H_01, /images/H_afro/b9cf1a73d567b3512bb539869c27a087.jpg, [ 0.00 1.00 0.00 1.00 0.00 0.00 1.00 1.00 0.00 1.00 1.00 0.00 1.00 0.00 1.00 1.00 1.00 0.00 1.00 0.00 1.00 0.00 ]
Label_H_01, /images/H_afro/8d2cd617b58eea618a55747ec6a9eaa8.jpg, [ 0.00 1.00 0.00 1.00 0.00 0.00 1.00 1.00 0.00 1.00 1.00 1.00 1.00 0.00 0.00 1.00 0.00 0.00 1.00 0.00 1.00 0.00 ]
Label_H_01, /images/H_afro/3c4b8b299ad70e7d8bb832b2c1339d2a.jpg, [ 1.00 0.00 0.00 1.00 0.00 0.00 1.00 1.00 0.00 1.00 1.00 1.00 1.00 0.00 1.00 1.00 1.00 0.00 1.00 0.00 1.00 0.00 ]
Label_H_01, /images/H_afro/04af49a5061985d677c282fa812b08c1.jpg, [ 1.00 0.00 0.00 1.00 0.00 0.00 1.00 1.00 0.00 1.00 1.00 0.00 1.00 0.00 0.00 1.00 1.00 0.00 1.00 0.00 1.00 0.00 ]
Label_H_02, /images/H_bowl_cut/a76f777345ea38c2621a6fc59e140f03.jpg, [ 1.00 0.00 0.00 1.00 0.00 0.00 1.00 1.00 1.00 1.00 1.00 0.00 0.00 1.00 1.00 1.00 1.00 0.00 0.00 1.00 1.00 1.00 ]
Label_H_02, /images/H_bowl_cut/d4537a396a67c34e111caf37c3f94225.jpg, [ 0.00 1.00 0.00 1.00 0.00 0.00 1.00 1.00 1.00 1.00 1.00 0.00 0.00 1.00 1.00 1.00 1.00 0.00 0.00 1.00 1.00 1.00 ]
Label_H_02, /images/H_bowl_cut/d8dd9f8857c238b271f5c9348339d73c.jpg, [ 0.00 1.00 0.00 1.00 0.00 0.00 1.00 1.00 1.00 1.00 1.00 0.00 0.00 1.00 1.00 1.00 1.00 0.00 0.00 1.00 1.00 1.00 ]
Label_H_02, /images/H_bowl_cut/bdd75ed3849dc4b7c245a2e6830302a0.jpg, [ 1.00 0.00 0.00 1.00 0.00 0.00 1.00 1.00 1.00 1.00 1.00 0.00 0.00 1.00 1.00 1.00 1.00 0.00 0.00 1.00 1.00 1.00 ]
Label_H_02, /images/H_bowl_cut/62de4932114dcf5987382f13f1647afc.jpg, [ 0.00 0.00 0.00 1.00 0.00 0.00 1.00 1.00 1.00 1.00 1.00 0.00 0.00 1.00 1.00 1.00 1.00 0.00 0.00 1.00 1.00 1.00 ]
Label_H_02, /images/H_bowl_cut/cf05f7bb14af2fb129ea8d4070b6aacb.jpg, [ 1.00 0.00 0.00 1.00 0.00 0.00 1.00 1.00 1.00 1.00 1.00 0.00 0.00 1.00 0.00 1.00 0.00 0.00 0.00 1.00 1.00 1.00 ]
Label_H_02, /images/H_bowl_cut/5a3f9b660a0219506100b3d72a6436b1.jpg, [ 0.00 0.00 0.00 1.00 0.00 0.00 1.00 1.00 1.00 1.00 1.00 0.00 0.00 1.00 1.00 1.00 1.00 0.00 1.00 1.00 1.00 1.00 ]
Label_H_02, /images/H_bowl_cut/76f789c3739876cdbb1ff1d9f210d69a.jpg, [ 0.00 1.00 0.00 1.00 0.00 0.00 1.00 1.00 1.00 1.00 1.00 0.00 0.00 1.00 0.00 1.00 0.00 0.00 0.00 1.00 1.00 1.00 ]
Label_H_02, /images/H_bowl_cut/cb4bf13e164aa4e826d6f6786f673bfe.jpg, [ 0.00 0.00 0.00 1.00 0.00 0.00 1.00 1.00 1.00 1.00 1.00 0.00 0.00 1.00 1.00 1.00 1.00 0.00 0.00 1.00 1.00 1.00 ]
Label_H_02, /images/H_bowl_cut/31498283e2f64c7f6b09a9dbcb009c65.jpg, [ 0.00 0.00 1.00 1.00 0.00 0.00 1.00 1.00 1.00 1.00 1.00 0.00 0.00 1.00 1.00 1.00 1.00 0.00 0.00 1.00 1.00 1.00 ]
Label_H_02, /images/H_bowl_cut/ca83a35ccd20c4e153a7d1df03370767.jpg, [ 0.00 0.00 0.00 1.00 0.00 0.00 1.00 1.00 1.00 1.00 1.00 0.00 0.00 1.00 1.00 1.00 1.00 0.00 0.00 1.00 1.00 1.00 ]
Label_H_02, /images/H_bowl_cut/bbabcd5ae81f8fd6d56b2e38fd1e4f09.jpg, [ 1.00 0.00 0.00 1.00 0.00 0.00 1.00 1.00 1.00 1.00 1.00 0.00 0.00 1.00 1.00 1.00 1.00 0.00 0.00 1.00 1.00 1.00 ]
Label_H_02, /images/H_bowl_cut/5083f096155279de660f9430004d8a46.jpg, [ 1.00 0.00 0.00 1.00 0.00 0.00 1.00 1.00 1.00 1.00 1.00 0.00 0.00 1.00 1.00 1.00 1.00 0.00 0.00 1.00 1.00 1.00 ]
Label_H_02, /images/H_bowl_cut/1e9b01e996019f46255c7fb0ac72a914.jpg, [ 1.00 0.00 0.00 1.00 0.00 0.00 1.00 1.00 1.00 1.00 0.00 0.00 0.00 1.00 0.00 1.00 0.00 0.00 0.00 1.00 1.00 0.00 ]
Label_H_02, /images/H_bowl_cut/15d8e696abd0ffb643d75040f46d8b83.jpg, [ 0.00 0.00 0.00 1.00 0.00 0.00 1.00 1.00 1.00 1.00 1.00 0.00 0.00 1.00 1.00 1.00 1.00 0.00 1.00 1.00 1.00 0.00 ]
Label_H_02, /images/H_bowl_cut/4db6b413a9415581bae9cb531de16863.jpg, [ 0.00 0.00 1.00 1.00 0.00 0.00 1.00 1.00 1.00 1.00 1.00 0.00 0.00 1.00 1.00 1.00 1.00 0.00 0.00 1.00 1.00 1.00 ]
Label_H_02, /images/H_bowl_cut/430e35307990586528962bd098dfa748.jpg, [ 1.00 0.00 0.00 1.00 0.00 0.00 1.00 1.00 1.00 1.00 1.00 0.00 0.00 1.00 1.00 1.00 1.00 0.00 0.00 1.00 1.00 1.00 ]
Label_H_02, /images/H_bowl_cut/ebdf615ca7a3271d20df1e845bbe99ac.jpg, [ 0.00 0.00 1.00 1.00 0.00 0.00 1.00 1.00 1.00 1.00 1.00 0.00 0.00 1.00 1.00 1.00 0.00 0.00 0.00 1.00 1.00 1.00 ]
Label_H_02, /images/H_bowl_cut/054aaaf3716fbcc42738819bb4cac5eb.jpg, [ 0.00 0.00 1.00 1.00 0.00 0.00 1.00 1.00 1.00 1.00 1.00 0.00 0.00 1.00 1.00 1.00 1.00 0.00 0.00 1.00 1.00 1.00 ]
Label_H_02, /images/H_bowl_cut/f18d4f869f48976458f3e3052879e494.jpg, [ 0.00 0.00 1.00 1.00 0.00 0.00 1.00 1.00 1.00 1.00 1.00 0.00 0.00 1.00 1.00 1.00 1.00 0.00 0.00 1.00 1.00 1.00 ]
Label_H_03, /images/H_bun_hair/53cbbc79edb9f25e801546f9eb521543.jpg, [ 1.00 0.00 0.00 1.00 1.00 1.00 1.00 1.00 0.00 1.00 1.00 0.00 0.00 1.00 0.00 0.00 1.00 0.00 0.00 1.00 0.00 0.00 ]
Label_H_03, /images/H_bun_hair/277a63877ef0724c3f81e7aaf77b4e6a.jpg, [ 0.00 1.00 0.00 1.00 0.00 0.00 1.00 1.00 0.00 1.00 1.00 0.00 0.00 1.00 1.00 1.00 1.00 1.00 0.00 1.00 0.00 0.00 ]
Label_H_03, /images/H_bun_hair/0709917fe08f5959b9578058a3b35c9d.jpg, [ 0.00 0.00 1.00 1.00 0.00 0.00 1.00 1.00 0.00 1.00 1.00 1.00 0.00 0.00 1.00 1.00 1.00 0.00 0.00 0.00 1.00 0.00 ]
Label_H_03, /images/H_bun_hair/88fa07f4ed09c946b2e4049187feedf8.jpg, [ 0.00 1.00 0.00 1.00 1.00 0.00 1.00 1.00 0.00 1.00 1.00 0.00 0.00 1.00 1.00 0.00 1.00 1.00 0.00 1.00 1.00 0.00 ]
Label_H_03, /images/H_bun_hair/3c65365b9ed4273e87b2e8af83c639b2.jpg, [ 1.00 0.00 0.00 0.00 0.00 0.00 1.00 1.00 0.00 1.00 1.00 0.00 0.00 1.00 1.00 0.00 1.00 1.00 0.00 1.00 0.00 0.00 ]
Label_H_03, /images/H_bun_hair/830b29936a0d1855550f7265a31305a1.jpg, [ 1.00 0.00 0.00 1.00 0.00 1.00 1.00 1.00 0.00 1.00 1.00 0.00 0.00 1.00 1.00 0.00 1.00 1.00 0.00 1.00 1.00 0.00 ]
Label_H_03, /images/H_bun_hair/421558738909bbbfd6a985445c8157d3.jpg, [ 1.00 0.00 0.00 1.00 1.00 0.00 1.00 1.00 0.00 1.00 1.00 0.00 0.00 1.00 1.00 1.00 1.00 0.00 0.00 1.00 1.00 0.00 ]
Label_H_03, /images/H_bun_hair/335a56316ad21060fa727aac1a715950.jpg, [ 0.00 0.00 0.00 1.00 1.00 0.00 1.00 1.00 0.00 1.00 1.00 0.00 0.00 1.00 1.00 1.00 1.00 0.00 0.00 1.00 1.00 0.00 ]
Label_H_03, /images/H_bun_hair/795fc206ec1dae4ea2be293e61830742.jpg, [ 0.00 0.00 1.00 1.00 0.00 0.00 1.00 1.00 0.00 1.00 1.00 0.00 0.00 1.00 1.00 1.00 1.00 0.00 0.00 1.00 1.00 0.00 ]
Label_H_03, /images/H_bun_hair/4289c5149502836e9477824838e3f95b.jpg, [ 0.00 0.00 1.00 1.00 0.00 0.00 1.00 1.00 0.00 1.00 1.00 0.00 0.00 1.00 1.00 1.00 1.00 0.00 0.00 1.00 1.00 0.00 ]
Label_H_03, /images/H_bun_hair/0d7c8632c2bbe0ca131c02688465839e.jpg, [ 0.00 1.00 0.00 1.00 0.00 0.00 1.00 1.00 0.00 1.00 1.00 0.00 0.00 1.00 1.00 1.00 1.00 0.00 0.00 1.00 1.00 0.00 ]
Label_H_03, /images/H_bun_hair/dd2104bf323808f197a162b78e25ff75.jpg, [ 1.00 0.00 0.00 1.00 0.00 0.00 1.00 1.00 0.00 1.00 1.00 0.00 0.00 1.00 1.00 1.00 1.00 0.00 0.00 1.00 1.00 0.00 ]
Label_H_03, /images/H_bun_hair/76d6e35f1120faa6b9e427c44ce0586e.jpg, [ 1.00 0.00 0.00 1.00 1.00 1.00 1.00 1.00 0.00 0.00 0.00 0.00 0.00 1.00 1.00 1.00 1.00 0.00 0.00 1.00 1.00 0.00 ]
Label_H_03, /images/H_bun_hair/9f447a58595bbf8bb0acb65ae3fa7b0a.jpg, [ 1.00 0.00 0.00 1.00 0.00 0.00 1.00 1.00 0.00 1.00 1.00 0.00 0.00 1.00 1.00 1.00 1.00 0.00 0.00 1.00 1.00 0.00 ]
Label_H_03, /images/H_bun_hair/9c883d8ff04cc024bbb5ecb88a9c656f.jpg, [ 0.00 0.00 1.00 1.00 0.00 0.00 1.00 1.00 0.00 1.00 1.00 0.00 0.00 1.00 1.00 1.00 1.00 0.00 0.00 1.00 1.00 0.00 ]
Label_H_03, /images/H_bun_hair/437b8ba22cda8dd583584864c4a78319.jpg, [ 1.00 0.00 0.00 1.00 0.00 0.00 1.00 1.00 0.00 1.00 1.00 0.00 0.00 1.00 1.00 1.00 1.00 0.00 0.00 1.00 1.00 0.00 ]
Label_H_03, /images/H_bun_hair/01bb28cbcd15048ee2d7e1da6c884924.jpg, [ 0.00 1.00 0.00 1.00 0.00 0.00 1.00 1.00 0.00 1.00 1.00 0.00 0.00 1.00 1.00 1.00 1.00 0.00 0.00 1.00 1.00 0.00 ]
Label_H_03, /images/H_bun_hair/b89f676a3c899ccf22be559f50186859.jpg, [ 0.00 1.00 0.00 1.00 0.00 0.00 1.00 1.00 0.00 1.00 1.00 0.00 0.00 1.00 1.00 1.00 1.00 0.00 0.00 1.00 1.00 0.00 ]
Label_H_03, /images/H_bun_hair/f3b3c680e3ca2a1b314d33a3964489c3.jpg, [ 0.00 1.00 0.00 1.00 0.00 0.00 1.00 1.00 0.00 1.00 1.00 0.00 0.00 1.00 1.00 1.00 1.00 0.00 0.00 1.00 1.00 0.00 ]
Label_H_03, /images/H_bun_hair/6be3e4e9aaa2e4140705928589807b60.jpg, [ 0.00 1.00 0.00 1.00 0.00 0.00 1.00 1.00 0.00 1.00 1.00 0.00 0.00 1.00 1.00 1.00 1.00 0.00 0.00 1.00 1.00 0.00 ]
Label_H_04, /images/H_fauxhawk/ab477a17759930213149e3b5fedf5f04.jpg, [ 0.00 0.00 1.00 1.00 1.00 1.00 1.00 1.00 0.00 0.00 0.00 0.00 0.00 1.00 1.00 0.00 1.00 0.00 0.00 1.00 1.00 0.00 ]
Label_H_04, /images/H_fauxhawk/37f3dd94b4f4a5822967496f652e3091.jpg, [ 0.00 0.00 1.00 1.00 1.00 1.00 1.00 1.00 0.00 0.00 0.00 0.00 0.00 1.00 1.00 0.00 1.00 0.00 0.00 1.00 1.00 0.00 ]
Label_H_04, /images/H_fauxhawk/fafbcaa7a6d29404f7f49680cf55ac66.jpg, [ 0.00 0.00 1.00 1.00 1.00 1.00 1.00 1.00 0.00 0.00 0.00 0.00 0.00 1.00 1.00 0.00 1.00 0.00 0.00 1.00 1.00 0.00 ]
Label_H_04, /images/H_fauxhawk/aeb42cd905f3bdada936f7ff013b47d8.jpg, [ 1.00 0.00 0.00 1.00 1.00 1.00 1.00 1.00 0.00 0.00 0.00 0.00 0.00 1.00 1.00 0.00 1.00 0.00 0.00 1.00 1.00 0.00 ]
Label_H_04, /images/H_fauxhawk/bbb3e2b93f979f7c61fc0f97dee6d23a.jpg, [ 0.00 1.00 0.00 1.00 1.00 1.00 1.00 1.00 0.00 0.00 0.00 0.00 0.00 1.00 1.00 0.00 1.00 0.00 0.00 1.00 1.00 0.00 ]
Label_H_04, /images/H_fauxhawk/7c1aaf2cb026a64f25b25fd9c05d108e.jpg, [ 0.00 0.00 0.00 1.00 1.00 1.00 1.00 1.00 0.00 0.00 0.00 0.00 0.00 1.00 1.00 0.00 1.00 0.00 0.00 1.00 1.00 0.00 ]
Label_H_04, /images/H_fauxhawk/64b09fe1973d2d8150190597835992ad.jpg, [ 0.00 1.00 0.00 1.00 1.00 1.00 1.00 1.00 0.00 0.00 0.00 0.00 0.00 1.00 1.00 0.00 1.00 0.00 0.00 1.00 1.00 0.00 ]
Label_H_04, /images/H_fauxhawk/a497d363a7bb4bb3422da9003882d8e3.jpg, [ 0.00 1.00 0.00 1.00 1.00 1.00 1.00 1.00 0.00 0.00 0.00 0.00 0.00 1.00 1.00 0.00 1.00 0.00 0.00 1.00 1.00 0.00 ]
Label_H_04, /images/H_fauxhawk/b2b52a2f8092f5fe41ebdbb8484253fe.jpg, [ 0.00 1.00 0.00 1.00 1.00 1.00 1.00 1.00 0.00 0.00 0.00 0.00 0.00 1.00 1.00 0.00 1.00 0.00 0.00 1.00 1.00 0.00 ]
Label_H_04, /images/H_fauxhawk/f9d884d00dd11251e886580b2f303493.jpg, [ 0.00 1.00 1.00 1.00 1.00 1.00 1.00 1.00 0.00 0.00 0.00 0.00 0.00 1.00 1.00 0.00 1.00 0.00 0.00 1.00 1.00 0.00 ]
Label_H_04, /images/H_fauxhawk/2b3bf16bff3e7b47d80ed2ffcd1cda49.jpg, [ 1.00 0.00 0.00 1.00 1.00 1.00 1.00 1.00 0.00 0.00 0.00 0.00 0.00 1.00 1.00 0.00 1.00 0.00 0.00 1.00 1.00 0.00 ]
Label_H_04, /images/H_fauxhawk/909fbe5be769f83fdec8c79943376b23.jpg, [ 1.00 0.00 0.00 1.00 0.00 0.00 1.00 1.00 0.00 1.00 1.00 0.00 0.00 1.00 1.00 0.00 1.00 0.00 0.00 1.00 1.00 0.00 ]
Label_H_04, /images/H_fauxhawk/7fc13fdde478f628e35d9a1137fd0d93.jpg, [ 0.00 1.00 0.00 1.00 0.00 0.00 1.00 1.00 0.00 1.00 1.00 0.00 0.00 1.00 1.00 0.00 1.00 0.00 0.00 1.00 1.00 0.00 ]
Label_H_04, /images/H_fauxhawk/cb99109ac582a247f46bd912e8c387a8.jpg, [ 0.00 0.00 1.00 1.00 0.00 0.00 1.00 1.00 0.00 1.00 1.00 0.00 0.00 1.00 1.00 0.00 1.00 0.00 0.00 1.00 1.00 0.00 ]
Label_H_04, /images/H_fauxhawk/2f4575aae052206299b575617b93ee23.jpg, [ 1.00 0.00 0.00 1.00 1.00 1.00 1.00 1.00 0.00 0.00 0.00 0.00 0.00 1.00 1.00 0.00 1.00 0.00 0.00 1.00 1.00 0.00 ]
Label_H_04, /images/H_fauxhawk/196f276d66231539754470b24b82d9a1.jpg, [ 0.00 0.00 1.00 1.00 0.00 0.00 1.00 1.00 0.00 1.00 1.00 0.00 0.00 1.00 1.00 0.00 1.00 0.00 0.00 1.00 1.00 0.00 ]
Label_H_04, /images/H_fauxhawk/89d2def05d6a883205b9a0677963ff18.jpg, [ 0.00 0.00 1.00 1.00 0.00 0.00 1.00 1.00 0.00 1.00 1.00 0.00 0.00 1.00 1.00 0.00 1.00 0.00 0.00 1.00 1.00 0.00 ]
Label_H_04, /images/H_fauxhawk/3b595c6558508d6aa58e96f1ef6f61d6.jpg, [ 0.00 0.00 1.00 1.00 1.00 1.00 1.00 1.00 0.00 0.00 0.00 0.00 0.00 1.00 1.00 0.00 1.00 0.00 0.00 1.00 1.00 0.00 ]
Label_H_04, /images/H_fauxhawk/8594e7408c88741a4a148862a7d8bf48.jpg, [ 0.00 1.00 0.00 1.00 1.00 1.00 1.00 1.00 0.00 0.00 0.00 0.00 0.00 1.00 1.00 0.00 1.00 0.00 0.00 1.00 1.00 0.00 ]
Label_H_04, /images/H_fauxhawk/bfff5e787c2e3c08a1cad0ee3c8cd91f.jpg, [ 0.00 1.00 0.00 1.00 0.00 0.00 1.00 1.00 0.00 1.00 1.00 0.00 0.00 1.00 1.00 0.00 1.00 0.00 0.00 1.00 1.00 0.00 ]
Label_H_05, /images/H_french_twist/138acd3c9b05028c7200ff37e761b33d.jpg, [ 0.00 1.00 0.00 0.00 0.00 0.00 1.00 1.00 0.00 1.00 1.00 0.00 1.00 0.00 1.00 0.00 1.00 1.00 0.00 1.00 0.00 0.00 ]
Label_H_05, /images/H_french_twist/261ad6c5a2799c3d96afc953336982ab.jpg, [ 0.00 0.00 1.00 0.00 0.00 0.00 1.00 1.00 0.00 1.00 1.00 0.00 1.00 0.00 1.00 0.00 1.00 1.00 0.00 1.00 0.00 0.00 ]
Label_H_05, /images/H_french_twist/59d08d9c7a03a8b86843f3c640b9a63c.jpg, [ 0.00 1.00 0.00 0.00 0.00 0.00 1.00 1.00 0.00 1.00 1.00 0.00 1.00 0.00 1.00 0.00 1.00 1.00 0.00 1.00 0.00 0.00 ]
Label_H_05, /images/H_french_twist/4c73395eaa523b92a86ec9923ca1addb.jpg, [ 0.00 1.00 0.00 0.00 0.00 0.00 1.00 1.00 0.00 1.00 1.00 0.00 1.00 0.00 1.00 0.00 1.00 1.00 0.00 1.00 0.00 0.00 ]
Label_H_05, /images/H_french_twist/821fe899912bf34a80e7d5a31802ba68.jpg, [ 0.00 0.00 1.00 0.00 0.00 0.00 1.00 1.00 0.00 1.00 1.00 0.00 1.00 0.00 1.00 0.00 1.00 1.00 0.00 1.00 0.00 0.00 ]
Label_H_05, /images/H_french_twist/192511127df2074877857b8c7b4654c3.jpg, [ 0.00 0.00 1.00 0.00 0.00 0.00 1.00 1.00 0.00 1.00 1.00 0.00 1.00 0.00 1.00 0.00 1.00 1.00 0.00 1.00 0.00 0.00 ]
Label_H_05, /images/H_french_twist/d13eea86245115cfc23b33d4a57c8f0d.jpg, [ 0.00 1.00 0.00 0.00 0.00 0.00 1.00 1.00 0.00 1.00 1.00 0.00 1.00 0.00 1.00 0.00 1.00 1.00 0.00 1.00 0.00 0.00 ]
Label_H_05, /images/H_french_twist/f36b0318a7a4566c4d11c0e461d13e08.jpg, [ 0.00 1.00 0.00 0.00 0.00 0.00 1.00 1.00 0.00 1.00 1.00 0.00 1.00 0.00 1.00 0.00 1.00 1.00 0.00 1.00 0.00 0.00 ]
Label_H_05, /images/H_french_twist/c8a1eb8d698c90ab17f5d0d654a6d89f.jpg, [ 0.00 0.00 1.00 0.00 0.00 0.00 1.00 1.00 0.00 1.00 1.00 0.00 1.00 0.00 1.00 0.00 1.00 1.00 0.00 1.00 0.00 0.00 ]
Label_H_05, /images/H_french_twist/91ebe4dea516f568701a02c12f0812a7.jpg, [ 0.00 1.00 0.00 0.00 0.00 0.00 1.00 1.00 0.00 1.00 1.00 0.00 1.00 0.00 1.00 0.00 1.00 1.00 0.00 1.00 0.00 0.00 ]
Label_H_05, /images/H_french_twist/cbc67d76fb689b4cde7763cbd151a121.jpg, [ 1.00 1.00 0.00 0.00 0.00 0.00 1.00 1.00 0.00 1.00 1.00 0.00 1.00 0.00 1.00 0.00 1.00 1.00 0.00 1.00 0.00 0.00 ]
Label_H_05, /images/H_french_twist/539254d7b060fd197fa89df7a8b11285.jpg, [ 0.00 1.00 1.00 0.00 0.00 0.00 1.00 1.00 0.00 1.00 1.00 0.00 1.00 0.00 1.00 0.00 1.00 1.00 0.00 1.00 0.00 0.00 ]
Label_H_05, /images/H_french_twist/49a41211e6f03183e9120f145ed1d55f.jpg, [ 0.00 0.00 1.00 0.00 0.00 0.00 1.00 1.00 0.00 1.00 1.00 0.00 1.00 0.00 1.00 0.00 1.00 1.00 0.00 1.00 0.00 0.00 ]
Label_H_05, /images/H_french_twist/f3f12c3da5ab13ded0a4d6c7540dfca9.jpg, [ 0.00 0.00 1.00 0.00 0.00 0.00 1.00 1.00 0.00 1.00 1.00 0.00 1.00 0.00 1.00 0.00 1.00 1.00 0.00 1.00 0.00 0.00 ]
Label_H_05, /images/H_french_twist/03416656e7b4866f8e71c94d04fad82b.jpg, [ 0.00 1.00 0.00 0.00 0.00 0.00 1.00 1.00 0.00 1.00 1.00 0.00 1.00 0.00 1.00 0.00 1.00 1.00 0.00 1.00 0.00 0.00 ]
Label_H_05, /images/H_french_twist/812d8a0243f23f4e22f45acde5d5c216.jpg, [ 0.00 1.00 0.00 0.00 0.00 0.00 1.00 1.00 0.00 1.00 1.00 0.00 1.00 0.00 1.00 0.00 1.00 1.00 0.00 1.00 0.00 0.00 ]
Label_H_05, /images/H_french_twist/e7b9f7df41196608753da788682c9ac4.jpg, [ 0.00 0.00 1.00 0.00 0.00 0.00 1.00 1.00 0.00 1.00 1.00 0.00 1.00 0.00 1.00 0.00 1.00 1.00 0.00 1.00 0.00 0.00 ]
Label_H_05, /images/H_french_twist/4da501c6fbfbc73a1c7e3bfba535f587.jpg, [ 0.00 0.00 0.00 0.00 0.00 0.00 1.00 1.00 0.00 1.00 1.00 0.00 1.00 0.00 1.00 0.00 1.00 1.00 0.00 1.00 0.00 0.00 ]
Label_H_05, /images/H_french_twist/d74affcf8ceba4686112739c87f6ca39.jpg, [ 0.00 0.00 1.00 0.00 0.00 0.00 1.00 1.00 0.00 1.00 1.00 0.00 1.00 0.00 1.00 0.00 1.00 1.00 0.00 1.00 0.00 0.00 ]
Label_H_05, /images/H_french_twist/9f89a7a70fce7a5f98be59a703564610.jpg, [ 0.00 0.00 1.00 0.00 0.00 0.00 1.00 1.00 0.00 1.00 1.00 0.00 1.00 0.00 1.00 0.00 1.00 1.00 0.00 1.00 0.00 0.00 ]
Label_H_07, /images/H_odango_hair/5744646df633214728b7aa3e8fe8d6e5.jpg, [ 1.00 0.00 0.00 1.00 0.00 0.00 1.00 1.00 0.00 1.00 1.00 0.00 0.00 0.00 0.00 1.00 0.00 0.00 0.00 1.00 1.00 1.00 ]
Label_H_07, /images/H_odango_hair/ff0c34b4fc2cbdfdbf402c727bb117a4.jpg, [ 1.00 0.00 0.00 1.00 0.00 0.00 1.00 1.00 0.00 1.00 1.00 0.00 0.00 0.00 0.00 1.00 0.00 0.00 0.00 1.00 1.00 1.00 ]
Label_H_07, /images/H_odango_hair/7ab5ad9a672766f9e010743ae34e03bf.jpg, [ 1.00 0.00 0.00 1.00 0.00 0.00 1.00 1.00 0.00 1.00 1.00 0.00 0.00 0.00 0.00 1.00 0.00 0.00 0.00 1.00 1.00 1.00 ]
Label_H_07, /images/H_odango_hair/75e9bceea2ef3e7ed1632c57433dd7d9.jpg, [ 0.00 1.00 0.00 1.00 0.00 0.00 1.00 1.00 0.00 1.00 1.00 0.00 0.00 0.00 0.00 1.00 0.00 0.00 0.00 1.00 1.00 1.00 ]
Label_H_07, /images/H_odango_hair/e15dddfb9dbbffd0727b9f996028f745.jpg, [ 1.00 0.00 0.00 1.00 0.00 0.00 1.00 1.00 0.00 1.00 1.00 0.00 0.00 0.00 0.00 1.00 0.00 0.00 0.00 1.00 1.00 1.00 ]
Label_H_07, /images/H_odango_hair/ed6d642332e1d8ab417511fa07924af7.jpg, [ 1.00 0.00 0.00 1.00 0.00 0.00 1.00 1.00 0.00 1.00 1.00 0.00 0.00 0.00 0.00 1.00 0.00 0.00 0.00 1.00 1.00 1.00 ]
Label_H_07, /images/H_odango_hair/6f21c5eede80bc2d5de4066a26f800a7.jpg, [ 1.00 0.00 0.00 1.00 0.00 0.00 1.00 1.00 0.00 1.00 1.00 0.00 0.00 0.00 0.00 1.00 0.00 0.00 0.00 1.00 1.00 1.00 ]
Label_H_07, /images/H_odango_hair/5f6da40a94c21b4514f65fc4dc322f33.jpg, [ 0.00 1.00 0.00 1.00 0.00 0.00 1.00 1.00 0.00 1.00 1.00 0.00 0.00 0.00 0.00 1.00 0.00 0.00 0.00 1.00 1.00 1.00 ]
Label_H_07, /images/H_odango_hair/bd71dad9063c8e317b913a4886bf52de.jpg, [ 0.00 0.00 1.00 1.00 0.00 0.00 1.00 1.00 0.00 1.00 1.00 0.00 0.00 0.00 0.00 1.00 0.00 0.00 0.00 1.00 1.00 1.00 ]
Label_H_07, /images/H_odango_hair/5bee3b37f72e803cf8fd7e6ec38c4f06.jpg, [ 0.00 0.00 1.00 1.00 0.00 0.00 1.00 1.00 0.00 1.00 1.00 0.00 0.00 0.00 0.00 1.00 0.00 0.00 0.00 1.00 1.00 1.00 ]
Label_H_07, /images/H_odango_hair/eaac62a08bfa019c377b9a2f0868d8e0.jpg, [ 0.00 0.00 1.00 1.00 0.00 0.00 1.00 1.00 0.00 1.00 1.00 0.00 0.00 0.00 0.00 1.00 0.00 0.00 0.00 1.00 1.00 1.00 ]
Label_H_07, /images/H_odango_hair/c0e36c4079dc2a7eabbbc2929188ff6c.jpg, [ 0.00 0.00 0.00 1.00 0.00 0.00 1.00 1.00 0.00 1.00 1.00 0.00 0.00 0.00 0.00 1.00 0.00 0.00 0.00 1.00 1.00 1.00 ]
Label_H_07, /images/H_odango_hair/53fab598febb5d0b8c7b26e8b2665e0d.jpg, [ 0.00 1.00 0.00 1.00 0.00 0.00 1.00 1.00 0.00 1.00 1.00 0.00 0.00 0.00 0.00 1.00 0.00 0.00 0.00 1.00 1.00 1.00 ]
Label_H_07, /images/H_odango_hair/b59d21901aedbc07f7fa999b4e2cbe1d.jpg, [ 1.00 0.00 0.00 1.00 0.00 0.00 1.00 1.00 0.00 1.00 1.00 0.00 0.00 0.00 0.00 1.00 0.00 0.00 0.00 1.00 1.00 1.00 ]
Label_H_07, /images/H_odango_hair/59260a6e79aa4be8a0ab48f22682c117.jpg, [ 0.00 1.00 1.00 1.00 0.00 0.00 1.00 1.00 0.00 1.00 1.00 0.00 0.00 0.00 0.00 1.00 0.00 0.00 0.00 1.00 1.00 1.00 ]
Label_H_07, /images/H_odango_hair/fad7374159ecbefeac94320deafea2c3.jpg, [ 1.00 0.00 0.00 1.00 0.00 0.00 1.00 1.00 0.00 1.00 1.00 0.00 0.00 0.00 0.00 1.00 0.00 0.00 0.00 1.00 1.00 1.00 ]
Label_H_07, /images/H_odango_hair/b95513a51fc25d5429428764f12ed60c.jpg, [ 0.00 1.00 0.00 1.00 0.00 0.00 1.00 1.00 0.00 1.00 1.00 0.00 0.00 0.00 0.00 1.00 0.00 0.00 0.00 1.00 1.00 1.00 ]
Label_H_07, /images/H_odango_hair/64203c473df61a694a57ede082c7babb.jpg, [ 1.00 0.00 0.00 1.00 0.00 0.00 1.00 1.00 0.00 1.00 1.00 0.00 0.00 0.00 0.00 1.00 0.00 0.00 0.00 1.00 1.00 1.00 ]
Label_H_07, /images/H_odango_hair/b1937e588019ce2660ba9a0316820122.jpg, [ 0.00 0.00 1.00 1.00 0.00 0.00 1.00 1.00 0.00 1.00 1.00 0.00 0.00 0.00 0.00 1.00 0.00 0.00 0.00 1.00 1.00 1.00 ]
Label_H_07, /images/H_odango_hair/b658f57d6cb74e2b9b74c038762d65fb.jpg, [ 0.00 1.00 0.00 1.00 0.00 0.00 1.00 1.00 0.00 1.00 1.00 0.00 0.00 0.00 0.00 1.00 0.00 0.00 0.00 1.00 1.00 1.00 ]
Label_H_08, /images/H_ponytail/4fd6131f0234b3b5016ef2a27de855a4.jpg, [ 0.00 0.00 1.00 0.00 0.00 0.00 1.00 1.00 1.00 1.00 1.00 0.00 0.00 1.00 1.00 1.00 1.00 1.00 0.00 1.00 1.00 0.00 ]
Label_H_08, /images/H_ponytail/c2e3e060e2c21ea96ce5a697667f0e4f.jpg, [ 1.00 0.00 0.00 0.00 0.00 0.00 1.00 1.00 1.00 1.00 1.00 0.00 0.00 1.00 1.00 1.00 1.00 1.00 0.00 1.00 1.00 1.00 ]
Label_H_08, /images/H_ponytail/cee9a3c462d9681e83c72520a6c65924.jpg, [ 0.00 0.00 1.00 0.00 0.00 0.00 1.00 1.00 1.00 1.00 1.00 0.00 0.00 1.00 1.00 1.00 1.00 1.00 0.00 1.00 1.00 1.00 ]
Label_H_08, /images/H_ponytail/7f3382b8fc2d4858f41e0d99bac703e9.jpg, [ 0.00 1.00 0.00 0.00 0.00 0.00 1.00 1.00 1.00 1.00 1.00 0.00 0.00 1.00 1.00 1.00 1.00 1.00 0.00 1.00 1.00 1.00 ]
Label_H_08, /images/H_ponytail/35e7bc9efc66c214b1587458d1f06a42.jpg, [ 0.00 1.00 0.00 0.00 0.00 0.00 1.00 1.00 1.00 1.00 1.00 0.00 0.00 1.00 1.00 1.00 1.00 1.00 0.00 1.00 1.00 1.00 ]
Label_H_08, /images/H_ponytail/f6be2653c6f046eedc1761a51b9c406c.jpg, [ 0.00 1.00 0.00 0.00 0.00 0.00 1.00 1.00 1.00 1.00 1.00 0.00 0.00 1.00 1.00 1.00 1.00 1.00 0.00 1.00 1.00 1.00 ]
Label_H_08, /images/H_ponytail/a9be57efad14088848d120a279dd5219.jpg, [ 0.00 1.00 0.00 0.00 0.00 0.00 1.00 1.00 1.00 1.00 1.00 0.00 0.00 1.00 1.00 1.00 1.00 1.00 0.00 1.00 1.00 1.00 ]
Label_H_08, /images/H_ponytail/0e697b7a86275d5348946f31a8856de5.jpg, [ 0.00 1.00 0.00 0.00 0.00 0.00 1.00 1.00 1.00 1.00 1.00 0.00 0.00 1.00 1.00 1.00 1.00 1.00 0.00 1.00 1.00 1.00 ]
Label_H_08, /images/H_ponytail/3f124b7a09d8b1c849c31cbed9822186.jpg, [ 0.00 0.00 1.00 0.00 0.00 0.00 1.00 1.00 1.00 1.00 1.00 0.00 0.00 1.00 1.00 1.00 1.00 1.00 0.00 1.00 1.00 1.00 ]
Label_H_08, /images/H_ponytail/e7491ba90f7267ae4e562255eed5b58b.jpg, [ 0.00 1.00 0.00 0.00 0.00 0.00 1.00 1.00 1.00 1.00 1.00 0.00 0.00 1.00 1.00 1.00 1.00 1.00 0.00 1.00 1.00 1.00 ]
Label_H_08, /images/H_ponytail/88a1dad6b88df1ef9ce9e95ef6edb4ab.jpg, [ 0.00 0.00 1.00 0.00 0.00 0.00 1.00 1.00 1.00 1.00 1.00 0.00 0.00 1.00 1.00 1.00 1.00 1.00 0.00 1.00 1.00 1.00 ]
Label_H_08, /images/H_ponytail/710b1b9364322614923f2931f9664229.jpg, [ 0.00 0.00 1.00 0.00 0.00 0.00 1.00 1.00 1.00 1.00 1.00 0.00 0.00 1.00 1.00 1.00 1.00 1.00 0.00 1.00 1.00 1.00 ]
Label_H_08, /images/H_ponytail/a8d3d764d4003f02ab2971d46cf3896e.jpg, [ 0.00 0.00 1.00 0.00 0.00 0.00 1.00 1.00 1.00 1.00 1.00 0.00 0.00 1.00 1.00 1.00 1.00 1.00 0.00 1.00 1.00 1.00 ]
Label_H_08, /images/H_ponytail/c1048d0cddc22dd3ad47f03716715b98.jpg, [ 0.00 1.00 0.00 0.00 0.00 0.00 1.00 1.00 1.00 1.00 1.00 0.00 0.00 1.00 1.00 1.00 1.00 1.00 0.00 1.00 1.00 1.00 ]
Label_H_08, /images/H_ponytail/9a5e8a74c063dff459cc02ecbabb5660.jpg, [ 0.00 1.00 0.00 0.00 0.00 0.00 1.00 1.00 1.00 1.00 1.00 0.00 0.00 1.00 1.00 1.00 1.00 1.00 0.00 1.00 1.00 1.00 ]
Label_H_08, /images/H_ponytail/0c348fec4f6e0cc627cd67e29a6cc67a.jpg, [ 1.00 0.00 0.00 0.00 0.00 0.00 1.00 1.00 1.00 1.00 1.00 0.00 0.00 1.00 1.00 1.00 1.00 1.00 0.00 1.00 1.00 1.00 ]
Label_H_08, /images/H_ponytail/2ebae259a2bd6717affb386ec65057ce.jpg, [ 0.00 0.00 1.00 0.00 0.00 0.00 1.00 1.00 1.00 1.00 1.00 0.00 0.00 1.00 1.00 1.00 1.00 1.00 0.00 1.00 1.00 1.00 ]
Label_H_08, /images/H_ponytail/c5a7e0eaaa0cf58fb3c47cafca2c16c0.jpg, [ 0.00 0.00 1.00 0.00 0.00 0.00 1.00 1.00 1.00 1.00 1.00 0.00 0.00 1.00 1.00 1.00 1.00 1.00 0.00 1.00 1.00 1.00 ]
Label_H_08, /images/H_ponytail/ef93e40cdbdcff42819b0ed10e54fa4d.jpg, [ 0.00 0.00 1.00 0.00 0.00 0.00 1.00 1.00 1.00 1.00 1.00 0.00 0.00 1.00 1.00 1.00 1.00 1.00 0.00 1.00 1.00 1.00 ]
Label_H_08, /images/H_ponytail/bb685d08c6d5f65ca86471fe14c1015d.jpg, [ 0.00 0.00 1.00 0.00 0.00 0.00 1.00 1.00 1.00 1.00 1.00 0.00 0.00 1.00 1.00 1.00 1.00 1.00 0.00 1.00 1.00 1.00 ]
Label_H_10, /images/H_waist-length_hair/27e3967e6a2458524a8722fe8272b908.jpg, [ 1.00 0.00 0.00 0.00 0.00 0.00 1.00 1.00 1.00 1.00 1.00 1.00 0.00 1.00 1.00 0.00 1.00 1.00 0.00 1.00 0.00 0.00 ]
Label_H_10, /images/H_waist-length_hair/c2aa3dfb1cc573646e5c796df1939d4c.jpg, [ 1.00 0.00 0.00 0.00 0.00 0.00 1.00 1.00 1.00 1.00 1.00 1.00 0.00 1.00 1.00 0.00 1.00 1.00 0.00 1.00 0.00 0.00 ]
Label_H_10, /images/H_waist-length_hair/04ac8e1b6bb0a5e146257bda5e3164c1.jpg, [ 1.00 0.00 0.00 0.00 0.00 0.00 1.00 1.00 1.00 1.00 1.00 1.00 0.00 1.00 1.00 0.00 1.00 1.00 0.00 1.00 0.00 0.00 ]
Label_H_10, /images/H_waist-length_hair/1d7cbe4956521de6f187ca20e9a43136.jpg, [ 1.00 0.00 0.00 0.00 0.00 0.00 1.00 1.00 1.00 1.00 1.00 1.00 0.00 1.00 1.00 0.00 1.00 1.00 0.00 1.00 0.00 0.00 ]
Label_H_10, /images/H_waist-length_hair/c8bb26f5e43540e585ce325e06841ce8.jpg, [ 1.00 0.00 0.00 0.00 0.00 0.00 1.00 1.00 1.00 1.00 1.00 1.00 0.00 1.00 1.00 0.00 1.00 1.00 0.00 1.00 0.00 0.00 ]
Label_H_10, /images/H_waist-length_hair/f0bc70b37946b861b122cb20e68e5534.jpg, [ 1.00 0.00 0.00 0.00 0.00 0.00 1.00 1.00 1.00 1.00 1.00 1.00 0.00 1.00 1.00 0.00 1.00 1.00 0.00 1.00 0.00 0.00 ]
Label_H_10, /images/H_waist-length_hair/a267c2a8c98dfb893218c6060211ba2b.jpg, [ 1.00 0.00 0.00 0.00 0.00 0.00 1.00 1.00 1.00 1.00 1.00 1.00 0.00 1.00 1.00 0.00 1.00 1.00 0.00 1.00 0.00 0.00 ]
Label_H_10, /images/H_waist-length_hair/5429703b5f587f20ccaa33711b61d243.jpg, [ 0.00 1.00 0.00 0.00 0.00 0.00 1.00 1.00 1.00 1.00 1.00 1.00 0.00 1.00 1.00 0.00 1.00 1.00 0.00 1.00 0.00 0.00 ]
Label_H_10, /images/H_waist-length_hair/58cca221fb61fce26cf19a694c291f3c.jpg, [ 0.00 1.00 0.00 0.00 0.00 0.00 1.00 1.00 1.00 1.00 1.00 1.00 0.00 1.00 1.00 0.00 1.00 1.00 0.00 1.00 0.00 0.00 ]
Label_H_10, /images/H_waist-length_hair/e183f27b77494dbd3570802e2cd1ea9b.jpg, [ 0.00 0.00 1.00 0.00 0.00 0.00 1.00 1.00 1.00 1.00 1.00 1.00 0.00 1.00 1.00 0.00 1.00 1.00 0.00 1.00 0.00 0.00 ]
Label_H_10, /images/H_waist-length_hair/b9928aa38304861262c04936d85d102e.jpg, [ 0.00 0.00 1.00 0.00 0.00 0.00 1.00 1.00 1.00 1.00 1.00 1.00 0.00 1.00 1.00 0.00 1.00 1.00 0.00 1.00 0.00 0.00 ]
Label_H_10, /images/H_waist-length_hair/430380315e38289f02e5f1f66c79383d.jpg, [ 0.00 0.00 1.00 0.00 0.00 0.00 1.00 1.00 1.00 1.00 1.00 1.00 0.00 1.00 1.00 0.00 1.00 1.00 0.00 1.00 0.00 0.00 ]
Label_H_10, /images/H_waist-length_hair/bab80b0b3ab751952b1759df5e1c8a3b.jpg, [ 0.00 0.00 1.00 0.00 0.00 0.00 1.00 1.00 1.00 1.00 1.00 1.00 0.00 1.00 1.00 0.00 1.00 1.00 0.00 1.00 0.00 0.00 ]
Label_H_10, /images/H_waist-length_hair/cd44157aa8cb202007a57022d097e4c9.jpg, [ 1.00 0.00 0.00 0.00 0.00 0.00 1.00 1.00 1.00 1.00 1.00 1.00 0.00 1.00 1.00 0.00 1.00 1.00 0.00 1.00 0.00 0.00 ]
Label_H_10, /images/H_waist-length_hair/ebabad933899fc39211649aaf86eb094.jpg, [ 0.00 1.00 0.00 0.00 0.00 0.00 1.00 1.00 1.00 1.00 1.00 1.00 0.00 1.00 1.00 0.00 1.00 1.00 0.00 1.00 0.00 0.00 ]
Label_H_10, /images/H_waist-length_hair/79fc0b12c34e0b3eb151c837cbc90127.jpg, [ 0.00 0.00 1.00 0.00 0.00 0.00 1.00 1.00 1.00 1.00 1.00 1.00 0.00 1.00 1.00 0.00 1.00 1.00 0.00 1.00 0.00 0.00 ]
Label_H_10, /images/H_waist-length_hair/a10b132d0d3b6c5c9d85f7f524e31432.jpg, [ 1.00 0.00 0.00 0.00 0.00 0.00 1.00 1.00 1.00 1.00 1.00 1.00 0.00 1.00 1.00 0.00 1.00 1.00 0.00 1.00 0.00 0.00 ]
Label_H_10, /images/H_waist-length_hair/4366e6559d83695634211bf6a0e28732.jpg, [ 0.00 0.00 1.00 0.00 0.00 0.00 1.00 1.00 1.00 1.00 1.00 1.00 0.00 1.00 1.00 0.00 1.00 1.00 0.00 1.00 0.00 0.00 ]
Label_H_10, /images/H_waist-length_hair/004ca449b70b9229702c12140e6e14b2.jpg, [ 0.00 0.00 1.00 0.00 0.00 0.00 1.00 1.00 1.00 1.00 1.00 1.00 0.00 1.00 1.00 0.00 1.00 1.00 0.00 1.00 0.00 0.00 ]
Label_H_10, /images/H_waist-length_hair/ad5b763cde75d4e17818ef2a39a2a49b.jpg, [ 1.00 0.00 0.00 0.00 0.00 0.00 1.00 1.00 1.00 1.00 1.00 1.00 0.00 1.00 1.00 0.00 1.00 1.00 0.00 1.00 0.00 0.00 ]
Label_H_12, /images/H_bob_hair/7aefb003640f45d147aa848f6b529610.jpg, [ 0.00 1.00 0.00 1.00 0.00 0.00 1.00 1.00 1.00 1.00 1.00 1.00 0.00 1.00 1.00 1.00 1.00 0.00 0.00 1.00 1.00 0.00 ]
Label_H_12, /images/H_bob_hair/0b772a48a7856e6e1389dc6a3361df07.jpg, [ 0.00 0.00 1.00 1.00 0.00 0.00 1.00 1.00 1.00 1.00 1.00 1.00 0.00 1.00 1.00 1.00 1.00 0.00 0.00 1.00 1.00 0.00 ]
Label_H_12, /images/H_bob_hair/c38f25d5dc81b548bd07d548944fe3f9.jpg, [ 1.00 0.00 0.00 1.00 0.00 0.00 1.00 1.00 1.00 1.00 1.00 1.00 0.00 1.00 1.00 1.00 1.00 0.00 0.00 1.00 1.00 0.00 ]
Label_H_12, /images/H_bob_hair/86ba1cbcd3235d1a8132bf8be55ad324.jpg, [ 0.00 1.00 0.00 1.00 0.00 0.00 1.00 1.00 1.00 1.00 1.00 1.00 0.00 1.00 1.00 1.00 1.00 0.00 0.00 1.00 1.00 0.00 ]
Label_H_12, /images/H_bob_hair/29b1a259db207583fa503f73748af91b.jpg, [ 0.00 1.00 0.00 1.00 0.00 0.00 1.00 1.00 1.00 1.00 1.00 1.00 0.00 1.00 1.00 1.00 1.00 0.00 0.00 1.00 1.00 0.00 ]
Label_H_12, /images/H_bob_hair/f755e7d00f2393002b4b9620d8016608.jpg, [ 0.00 1.00 0.00 1.00 0.00 0.00 1.00 1.00 1.00 1.00 1.00 1.00 0.00 1.00 1.00 1.00 1.00 0.00 0.00 1.00 1.00 0.00 ]
Label_H_12, /images/H_bob_hair/a5f8c0f95f45c461d3fb207535871cc6.jpg, [ 0.00 0.00 1.00 1.00 0.00 0.00 1.00 1.00 1.00 1.00 1.00 1.00 0.00 1.00 1.00 1.00 1.00 0.00 0.00 1.00 1.00 0.00 ]
Label_H_12, /images/H_bob_hair/82baa384111c0a34efc4c2bc57c70157.jpg, [ 0.00 0.00 1.00 1.00 0.00 0.00 1.00 1.00 1.00 1.00 1.00 1.00 0.00 1.00 1.00 1.00 1.00 0.00 0.00 1.00 1.00 0.00 ]
Label_H_12, /images/H_bob_hair/7f2b180b7ac92b5455fc570345d963ef.jpg, [ 0.00 1.00 0.00 1.00 0.00 0.00 1.00 1.00 1.00 1.00 1.00 1.00 0.00 1.00 1.00 1.00 1.00 0.00 0.00 1.00 1.00 0.00 ]
Label_H_12, /images/H_bob_hair/44fba9bcec8cd5d6f1d90be4c68eaf0e.jpg, [ 0.00 1.00 1.00 1.00 0.00 0.00 1.00 1.00 1.00 1.00 1.00 1.00 0.00 1.00 1.00 1.00 1.00 0.00 0.00 1.00 1.00 0.00 ]
Label_H_12, /images/H_bob_hair/facde426a345d5333dd128e46d2e939c.jpg, [ 0.00 0.00 1.00 1.00 0.00 0.00 1.00 1.00 1.00 1.00 1.00 1.00 0.00 1.00 1.00 1.00 1.00 0.00 0.00 1.00 1.00 0.00 ]
Label_H_12, /images/H_bob_hair/f9bbae3af6c2552b75a7d8c490e5693f.jpg, [ 0.00 0.00 1.00 1.00 0.00 0.00 1.00 1.00 1.00 1.00 1.00 1.00 0.00 1.00 1.00 1.00 1.00 0.00 0.00 1.00 1.00 0.00 ]
Label_H_12, /images/H_bob_hair/2f5c3a7e2a0fa5529fb2b98700594fcd.jpg, [ 0.00 0.00 1.00 1.00 0.00 0.00 1.00 1.00 1.00 1.00 1.00 1.00 0.00 1.00 1.00 1.00 1.00 0.00 0.00 1.00 1.00 0.00 ]
Label_H_12, /images/H_bob_hair/070a2293c278148510c9c0198433040e.jpg, [ 0.00 0.00 1.00 1.00 0.00 0.00 1.00 1.00 1.00 1.00 1.00 1.00 0.00 1.00 1.00 1.00 1.00 0.00 0.00 1.00 1.00 0.00 ]
Label_H_12, /images/H_bob_hair/5696312eaa48d40e8b8aab9d1763ca9d.jpg, [ 0.00 0.00 1.00 1.00 0.00 0.00 1.00 1.00 1.00 1.00 1.00 1.00 0.00 1.00 1.00 1.00 1.00 0.00 0.00 1.00 1.00 0.00 ]
Label_H_12, /images/H_bob_hair/8c24798717b48b8af1d828299a202391.jpg, [ 0.00 0.00 1.00 1.00 0.00 0.00 1.00 1.00 1.00 1.00 1.00 1.00 0.00 1.00 1.00 1.00 1.00 0.00 0.00 1.00 1.00 0.00 ]
Label_H_12, /images/H_bob_hair/9310143b1e7628c907d3667760e95907.jpg, [ 0.00 0.00 1.00 1.00 0.00 0.00 1.00 1.00 1.00 1.00 1.00 1.00 0.00 1.00 1.00 1.00 1.00 0.00 0.00 1.00 1.00 0.00 ]
Label_H_12, /images/H_bob_hair/647e0d6dd9348adf8ed0f7452706ba0a.jpg, [ 0.00 0.00 1.00 1.00 0.00 0.00 1.00 1.00 1.00 1.00 1.00 1.00 0.00 1.00 1.00 1.00 1.00 0.00 0.00 1.00 1.00 0.00 ]
Label_H_12, /images/H_bob_hair/01079e7fd290a57364a75df3e738bd8a.jpg, [ 0.00 1.00 0.00 1.00 0.00 0.00 1.00 1.00 1.00 1.00 1.00 1.00 0.00 1.00 1.00 1.00 1.00 0.00 0.00 1.00 1.00 0.00 ]
Label_H_12, /images/H_bob_hair/1b9f01bff705df1e907883e1a4c0aef6.jpg, [ 0.00 1.00 0.00 1.00 0.00 0.00 1.00 1.00 1.00 1.00 1.00 1.00 0.00 1.00 1.00 1.00 1.00 0.00 0.00 1.00 1.00 0.00 ]
Label_H_13, /images/H_cornrows/9a10d359992f76cda424d108b15a5077.jpg, [ 1.00 0.00 0.00 1.00 0.00 0.00 0.00 1.00 0.00 1.00 1.00 0.00 1.00 0.00 0.00 1.00 1.00 0.00 1.00 0.00 1.00 1.00 ]
Label_H_13, /images/H_cornrows/2757800023a69d7e9625c0c3627a8392.jpg, [ 0.00 1.00 0.00 1.00 0.00 0.00 0.00 1.00 0.00 1.00 1.00 0.00 1.00 0.00 0.00 1.00 1.00 0.00 1.00 0.00 1.00 1.00 ]
Label_H_13, /images/H_cornrows/0084acfa7146b55a66b433a465b6d9c2.jpg, [ 1.00 0.00 0.00 1.00 0.00 0.00 0.00 1.00 0.00 1.00 1.00 0.00 1.00 0.00 0.00 1.00 1.00 0.00 1.00 0.00 1.00 1.00 ]
Label_H_13, /images/H_cornrows/fcf061269e86283567610f25dfd2d12e.jpg, [ 1.00 0.00 0.00 1.00 0.00 0.00 0.00 1.00 0.00 1.00 1.00 0.00 1.00 0.00 0.00 1.00 1.00 0.00 1.00 0.00 1.00 1.00 ]
Label_H_13, /images/H_cornrows/15e5028edf834c0511b01fb646c65f44.jpg, [ 1.00 0.00 0.00 1.00 0.00 0.00 0.00 1.00 0.00 1.00 1.00 0.00 1.00 0.00 0.00 1.00 1.00 0.00 1.00 0.00 1.00 1.00 ]
Label_H_13, /images/H_cornrows/f58e16ff5b779e5147f1cccd99395752.jpg, [ 1.00 0.00 0.00 1.00 0.00 0.00 0.00 1.00 0.00 1.00 1.00 0.00 1.00 0.00 0.00 1.00 1.00 0.00 1.00 0.00 1.00 1.00 ]
Label_H_13, /images/H_cornrows/8078287e3a50726bdea50d0db06be34b.jpg, [ 1.00 0.00 0.00 1.00 0.00 0.00 0.00 1.00 0.00 1.00 1.00 0.00 1.00 0.00 0.00 1.00 1.00 0.00 1.00 0.00 1.00 1.00 ]
Label_H_13, /images/H_cornrows/a2cfb0f16f555c73bb614cec4641f8a5.jpg, [ 1.00 0.00 0.00 1.00 0.00 0.00 0.00 1.00 0.00 1.00 1.00 0.00 1.00 0.00 0.00 1.00 1.00 0.00 1.00 0.00 1.00 1.00 ]
Label_H_13, /images/H_cornrows/87dba6b70990f9e76bc6239323b8e6cc.jpg, [ 1.00 0.00 0.00 1.00 0.00 0.00 0.00 1.00 0.00 1.00 1.00 0.00 1.00 0.00 0.00 1.00 1.00 0.00 1.00 0.00 1.00 1.00 ]
Label_H_13, /images/H_cornrows/21847ca449be51f0c20d992b767bf03c.jpg, [ 1.00 0.00 0.00 1.00 0.00 0.00 0.00 1.00 0.00 1.00 1.00 0.00 1.00 0.00 0.00 1.00 1.00 0.00 1.00 0.00 1.00 1.00 ]
Label_H_13, /images/H_cornrows/423e3185856bc9288463353fd034aa6d.jpg, [ 1.00 0.00 0.00 1.00 0.00 0.00 0.00 1.00 0.00 1.00 1.00 0.00 1.00 0.00 0.00 1.00 1.00 0.00 1.00 0.00 1.00 1.00 ]
Label_H_13, /images/H_cornrows/6ae505ce259fe5ad1652f0d560995f17.jpg, [ 1.00 0.00 0.00 1.00 0.00 0.00 0.00 1.00 0.00 1.00 1.00 0.00 1.00 0.00 0.00 1.00 1.00 0.00 1.00 0.00 1.00 1.00 ]
Label_H_13, /images/H_cornrows/4c110f8e62597dadf8f893603c7ab40b.jpg, [ 1.00 0.00 0.00 1.00 0.00 0.00 0.00 1.00 0.00 1.00 1.00 0.00 1.00 0.00 0.00 1.00 1.00 0.00 1.00 0.00 1.00 1.00 ]
Label_H_13, /images/H_cornrows/aebe9c3f53e7e5bb0fe85b8769176cad.jpg, [ 1.00 0.00 0.00 1.00 0.00 0.00 0.00 1.00 0.00 1.00 1.00 0.00 1.00 0.00 0.00 1.00 1.00 0.00 1.00 0.00 1.00 1.00 ]
Label_H_13, /images/H_cornrows/45eab774717279ffa73c779e632c6282.jpg, [ 1.00 0.00 0.00 1.00 0.00 0.00 0.00 1.00 0.00 1.00 1.00 0.00 1.00 0.00 0.00 1.00 1.00 0.00 1.00 0.00 1.00 1.00 ]
Label_H_13, /images/H_cornrows/1cd22dded3b34aef558c525a89b16a7f.jpg, [ 1.00 0.00 0.00 1.00 0.00 0.00 0.00 1.00 0.00 1.00 1.00 0.00 1.00 0.00 0.00 1.00 1.00 0.00 1.00 0.00 1.00 1.00 ]
Label_H_13, /images/H_cornrows/f898a5e5c8e8edd2c270c788ce6814a6.jpg, [ 1.00 0.00 0.00 1.00 1.00 1.00 0.00 1.00 0.00 1.00 1.00 0.00 1.00 0.00 0.00 1.00 1.00 0.00 1.00 0.00 1.00 1.00 ]
Label_H_13, /images/H_cornrows/72655521bfac50a99985fb8bff8be53b.jpg, [ 0.00 0.00 1.00 1.00 0.00 0.00 0.00 1.00 0.00 1.00 1.00 0.00 1.00 0.00 0.00 1.00 1.00 0.00 1.00 0.00 1.00 1.00 ]
Label_H_13, /images/H_cornrows/489b61370a9c651d4f9276135cb11d4c.jpg, [ 1.00 0.00 0.00 1.00 0.00 0.00 0.00 1.00 0.00 1.00 1.00 0.00 1.00 0.00 0.00 1.00 1.00 0.00 1.00 0.00 1.00 1.00 ]
Label_H_13, /images/H_cornrows/714ecfc56eb2dc9888af946a98c739dc.jpg, [ 1.00 0.00 0.00 1.00 0.00 0.00 0.00 1.00 0.00 1.00 1.00 0.00 1.00 0.00 0.00 1.00 1.00 0.00 1.00 0.00 1.00 1.00 ]
Label_H_14, /images/H_crew_cut/6acbd974b2fadd2fbb6d63bb2008846b.jpg, [ 0.00 1.00 0.00 1.00 1.00 1.00 1.00 1.00 1.00 0.00 0.00 0.00 0.00 1.00 0.00 0.00 0.00 1.00 0.00 1.00 0.00 0.00 ]
Label_H_14, /images/H_crew_cut/2f67d59a49a8bc6ea5c84984a9006cf2.jpg, [ 0.00 1.00 0.00 1.00 1.00 1.00 1.00 1.00 1.00 0.00 0.00 0.00 0.00 1.00 0.00 0.00 0.00 1.00 0.00 1.00 0.00 0.00 ]
Label_H_14, /images/H_crew_cut/998fc9e48b694eb588544b8f7400b127.jpg, [ 0.00 1.00 0.00 1.00 1.00 1.00 1.00 1.00 1.00 0.00 0.00 0.00 0.00 1.00 0.00 0.00 0.00 1.00 0.00 1.00 0.00 0.00 ]
Label_H_14, /images/H_crew_cut/0a543795f069df8c5906097249123aad.jpg, [ 0.00 1.00 0.00 1.00 1.00 1.00 1.00 1.00 1.00 0.00 0.00 0.00 0.00 1.00 0.00 0.00 0.00 1.00 0.00 1.00 0.00 0.00 ]
Label_H_14, /images/H_crew_cut/28014670bedd371bc4ed948fde952540.jpg, [ 0.00 1.00 0.00 1.00 1.00 1.00 1.00 1.00 1.00 0.00 0.00 0.00 0.00 1.00 0.00 0.00 0.00 1.00 0.00 1.00 0.00 0.00 ]
Label_H_14, /images/H_crew_cut/5c5f3444b759c240e2506f1f2f45059b.jpg, [ 0.00 1.00 0.00 1.00 1.00 1.00 1.00 1.00 1.00 0.00 0.00 0.00 0.00 1.00 0.00 0.00 0.00 1.00 0.00 1.00 0.00 0.00 ]
Label_H_14, /images/H_crew_cut/1c148028b5b10b6ed8a463c86ede65ba.jpg, [ 1.00 0.00 0.00 1.00 1.00 1.00 1.00 1.00 1.00 0.00 0.00 0.00 0.00 1.00 0.00 0.00 0.00 1.00 0.00 1.00 0.00 0.00 ]
Label_H_14, /images/H_crew_cut/e57c25c20a45291070d9609cf1fbc42e.jpg, [ 0.00 1.00 0.00 1.00 1.00 1.00 1.00 1.00 1.00 0.00 0.00 0.00 0.00 1.00 0.00 0.00 0.00 1.00 0.00 1.00 0.00 0.00 ]
Label_H_14, /images/H_crew_cut/dea6dd017cf10ecc936985fc9fdf16f7.jpg, [ 1.00 0.00 0.00 1.00 1.00 1.00 1.00 1.00 1.00 0.00 0.00 0.00 0.00 1.00 0.00 0.00 0.00 1.00 0.00 1.00 0.00 0.00 ]
Label_H_14, /images/H_crew_cut/e78212fa53a16142b387cee37b9dd104.jpg, [ 0.00 1.00 0.00 1.00 1.00 1.00 1.00 1.00 1.00 0.00 0.00 0.00 0.00 1.00 0.00 0.00 0.00 1.00 0.00 1.00 0.00 0.00 ]
Label_H_14, /images/H_crew_cut/7583b4ce09d1b3f449aece505837b031.jpg, [ 0.00 1.00 0.00 1.00 1.00 1.00 1.00 1.00 1.00 0.00 0.00 0.00 0.00 1.00 0.00 0.00 0.00 1.00 0.00 1.00 0.00 0.00 ]
Label_H_14, /images/H_crew_cut/98d19c837524725dc6a4aaacbfa42ed8.jpg, [ 0.00 1.00 0.00 1.00 1.00 1.00 1.00 1.00 1.00 0.00 0.00 0.00 0.00 1.00 0.00 0.00 0.00 1.00 0.00 1.00 0.00 0.00 ]
Label_H_14, /images/H_crew_cut/18d69ca6934a93c05a89f60124e6faba.jpg, [ 0.00 0.00 1.00 1.00 1.00 1.00 1.00 1.00 1.00 0.00 0.00 0.00 0.00 1.00 0.00 0.00 0.00 1.00 0.00 1.00 0.00 0.00 ]
Label_H_14, /images/H_crew_cut/98b30980d320c73ee82cfa96e602db3d.jpg, [ 0.00 1.00 0.00 1.00 1.00 1.00 1.00 1.00 1.00 0.00 0.00 0.00 0.00 1.00 0.00 0.00 0.00 1.00 0.00 1.00 0.00 0.00 ]
Label_H_14, /images/H_crew_cut/dd83031a10d81e8e3a9e565681bdc717.jpg, [ 1.00 0.00 0.00 1.00 1.00 1.00 1.00 1.00 1.00 0.00 0.00 0.00 0.00 1.00 0.00 0.00 0.00 1.00 0.00 1.00 0.00 0.00 ]
Label_H_14, /images/H_crew_cut/c80b4218308bcba5f59682be44955fcd.jpg, [ 0.00 0.00 1.00 1.00 1.00 1.00 1.00 1.00 1.00 0.00 0.00 0.00 0.00 1.00 0.00 0.00 0.00 1.00 0.00 1.00 0.00 0.00 ]
Label_H_14, /images/H_crew_cut/6070589cf057f4672eef8732da41d8e9.jpg, [ 0.00 1.00 0.00 1.00 1.00 1.00 1.00 1.00 1.00 0.00 0.00 0.00 0.00 1.00 0.00 0.00 0.00 1.00 0.00 1.00 0.00 0.00 ]
Label_H_14, /images/H_crew_cut/0cda1ff5f6ef97525e2e002149880da3.jpg, [ 0.00 1.00 0.00 1.00 1.00 1.00 1.00 1.00 1.00 0.00 0.00 0.00 0.00 1.00 0.00 0.00 0.00 1.00 0.00 1.00 0.00 0.00 ]
Label_H_14, /images/H_crew_cut/289b2b07774fbcfd8e6b6849181bbfe5.jpg, [ 0.00 0.00 1.00 1.00 1.00 1.00 1.00 1.00 1.00 0.00 0.00 0.00 0.00 1.00 0.00 0.00 0.00 1.00 0.00 1.00 0.00 0.00 ]
Label_H_14, /images/H_crew_cut/eebb577dccd575693d47d7f334a0d893.jpg, [ 0.00 0.00 1.00 1.00 1.00 1.00 1.00 1.00 1.00 0.00 0.00 0.00 0.00 1.00 0.00 0.00 0.00 1.00 0.00 1.00 0.00 0.00 ]
Label_H_15, /images/H_crop_hair/1037fb9b66a87fd3ac4cf3ed1452eaf7.jpg, [ 0.00 0.00 1.00 1.00 1.00 1.00 1.00 1.00 1.00 0.00 0.00 0.00 0.00 1.00 0.00 1.00 0.00 0.00 0.00 1.00 1.00 0.00 ]
Label_H_15, /images/H_crop_hair/cd9026b3bc534069a569a635ba1a1181.jpg, [ 0.00 1.00 0.00 1.00 1.00 1.00 1.00 1.00 1.00 0.00 0.00 0.00 0.00 1.00 0.00 1.00 0.00 0.00 0.00 1.00 1.00 0.00 ]
Label_H_15, /images/H_crop_hair/467e22eb6bd13734523ea47a2ab0820c.jpg, [ 1.00 0.00 0.00 1.00 1.00 1.00 1.00 1.00 1.00 0.00 0.00 0.00 0.00 1.00 0.00 1.00 0.00 0.00 0.00 1.00 1.00 0.00 ]
Label_H_15, /images/H_crop_hair/c29bbcbdc7a84b01e80313aca16eb2df.jpg, [ 1.00 0.00 0.00 1.00 1.00 1.00 1.00 1.00 1.00 0.00 0.00 0.00 0.00 1.00 0.00 1.00 0.00 0.00 0.00 1.00 1.00 0.00 ]
Label_H_15, /images/H_crop_hair/56723695d1d96fec4b6e9b4747a7e280.jpg, [ 0.00 1.00 0.00 1.00 1.00 1.00 1.00 1.00 1.00 0.00 0.00 0.00 0.00 1.00 0.00 1.00 0.00 0.00 0.00 1.00 1.00 0.00 ]
Label_H_15, /images/H_crop_hair/5224607c83aff852ce8caa0410b5d1e5.jpg, [ 0.00 1.00 0.00 1.00 1.00 1.00 1.00 1.00 1.00 0.00 0.00 0.00 0.00 1.00 0.00 1.00 0.00 0.00 0.00 1.00 1.00 0.00 ]
Label_H_15, /images/H_crop_hair/7efa7ed82dc672af3662959830133d04.jpg, [ 0.00 1.00 0.00 1.00 1.00 1.00 1.00 1.00 1.00 0.00 0.00 0.00 0.00 1.00 0.00 1.00 0.00 0.00 0.00 1.00 1.00 0.00 ]
Label_H_15, /images/H_crop_hair/299f3a1fb2785e454b0500fb24d6675a.jpg, [ 1.00 0.00 0.00 1.00 1.00 1.00 1.00 1.00 1.00 0.00 0.00 0.00 0.00 1.00 0.00 1.00 0.00 0.00 0.00 1.00 1.00 0.00 ]
Label_H_15, /images/H_crop_hair/369b757dece1210b0d71c2370a13ed4c.jpg, [ 0.00 0.00 0.00 1.00 1.00 1.00 1.00 1.00 1.00 0.00 0.00 0.00 0.00 1.00 0.00 1.00 0.00 0.00 0.00 1.00 1.00 0.00 ]
Label_H_15, /images/H_crop_hair/a8bbc28c0d70f5286405485d8b03ce0f.jpg, [ 1.00 0.00 0.00 1.00 1.00 1.00 1.00 1.00 1.00 0.00 0.00 0.00 0.00 1.00 0.00 1.00 0.00 0.00 0.00 1.00 1.00 0.00 ]
Label_H_15, /images/H_crop_hair/7f13a4aa3a7e1037f8c6494d03a89b64.jpg, [ 0.00 1.00 0.00 1.00 1.00 1.00 1.00 1.00 1.00 0.00 0.00 0.00 0.00 1.00 0.00 1.00 0.00 0.00 0.00 1.00 1.00 0.00 ]
Label_H_15, /images/H_crop_hair/7559b51be2c0aff9bac16d6882e7861a.jpg, [ 0.00 1.00 0.00 1.00 1.00 1.00 1.00 1.00 1.00 0.00 0.00 0.00 0.00 1.00 0.00 1.00 0.00 0.00 0.00 1.00 1.00 0.00 ]
Label_H_15, /images/H_crop_hair/ccddaf0085f38eabae35096ff708cb6a.jpg, [ 0.00 1.00 0.00 1.00 1.00 1.00 1.00 1.00 1.00 0.00 0.00 0.00 0.00 1.00 0.00 1.00 0.00 0.00 0.00 1.00 1.00 0.00 ]
Label_H_15, /images/H_crop_hair/fbbfb57a61c6766d2af07b9f755e92c3.jpg, [ 1.00 0.00 0.00 1.00 1.00 1.00 1.00 1.00 1.00 0.00 0.00 0.00 0.00 1.00 0.00 1.00 0.00 0.00 0.00 1.00 1.00 0.00 ]
Label_H_15, /images/H_crop_hair/e914ddbf077f3f4963a6aad2ba18633c.jpg, [ 0.00 1.00 0.00 1.00 1.00 1.00 1.00 1.00 1.00 0.00 0.00 0.00 0.00 1.00 0.00 1.00 0.00 0.00 0.00 1.00 1.00 0.00 ]
Label_H_15, /images/H_crop_hair/510e6b988a778305d1dba91d580be2a4.jpg, [ 0.00 1.00 0.00 1.00 1.00 1.00 1.00 1.00 1.00 0.00 0.00 0.00 0.00 1.00 0.00 1.00 0.00 0.00 0.00 1.00 1.00 0.00 ]
Label_H_15, /images/H_crop_hair/e6e92d36e899ed5a0aea29a9d04a9917.jpg, [ 0.00 1.00 0.00 1.00 1.00 1.00 1.00 1.00 1.00 0.00 0.00 0.00 0.00 1.00 0.00 1.00 0.00 0.00 0.00 1.00 1.00 0.00 ]
Label_H_15, /images/H_crop_hair/6793bf15b8ada656fa5cbb0d68289210.jpg, [ 0.00 1.00 0.00 1.00 1.00 1.00 1.00 1.00 1.00 0.00 0.00 0.00 0.00 1.00 0.00 1.00 0.00 0.00 0.00 1.00 1.00 0.00 ]
Label_H_15, /images/H_crop_hair/0ff49b459e7d08aea3644c7726c65520.jpg, [ 0.00 1.00 0.00 1.00 1.00 1.00 1.00 1.00 1.00 0.00 0.00 0.00 0.00 1.00 0.00 1.00 0.00 0.00 0.00 1.00 1.00 0.00 ]
Label_H_15, /images/H_crop_hair/20eed3f147db1f3c0cfc717ea3f28e7a.jpg, [ 0.00 1.00 0.00 1.00 1.00 1.00 1.00 1.00 1.00 0.00 0.00 0.00 0.00 1.00 0.00 1.00 0.00 0.00 0.00 1.00 1.00 0.00 ]
Label_H_16, /images/H_curtained_hair/1ace9933671f419c34b40e3e6e412ff1.jpg, [ 0.00 1.00 0.00 1.00 0.00 0.00 1.00 1.00 0.00 0.00 1.00 1.00 0.00 1.00 1.00 1.00 0.00 0.00 0.00 1.00 1.00 0.00 ]
Label_H_16, /images/H_curtained_hair/0db7363c542ce7485538d4b5a40af368.jpg, [ 0.00 1.00 0.00 1.00 0.00 0.00 1.00 1.00 0.00 0.00 1.00 1.00 0.00 1.00 1.00 1.00 0.00 0.00 0.00 1.00 1.00 0.00 ]
Label_H_16, /images/H_curtained_hair/24581ced10fadb16bdf470c6225555e2.jpg, [ 0.00 1.00 0.00 1.00 0.00 0.00 1.00 1.00 0.00 0.00 1.00 1.00 0.00 1.00 1.00 1.00 0.00 0.00 0.00 1.00 1.00 0.00 ]
Label_H_16, /images/H_curtained_hair/008e4b32c098731be2e39956577b548f.jpg, [ 1.00 0.00 0.00 1.00 0.00 0.00 1.00 1.00 0.00 0.00 1.00 1.00 0.00 1.00 1.00 1.00 0.00 0.00 0.00 1.00 1.00 0.00 ]
Label_H_16, /images/H_curtained_hair/bd927f525c0f63de389259ac5864c097.jpg, [ 1.00 0.00 0.00 1.00 0.00 0.00 1.00 1.00 0.00 0.00 1.00 1.00 0.00 1.00 1.00 1.00 0.00 0.00 0.00 1.00 1.00 0.00 ]
Label_H_16, /images/H_curtained_hair/0b19e3610b1b73193d3800a6de9ba43d.jpg, [ 1.00 0.00 0.00 1.00 0.00 0.00 1.00 1.00 0.00 0.00 1.00 1.00 0.00 1.00 1.00 1.00 0.00 0.00 0.00 1.00 1.00 0.00 ]
Label_H_16, /images/H_curtained_hair/87848e78951cbdf428363ca3290c4b2d.jpg, [ 0.00 1.00 0.00 1.00 0.00 0.00 1.00 1.00 0.00 0.00 1.00 1.00 0.00 1.00 1.00 1.00 0.00 0.00 0.00 1.00 1.00 0.00 ]
Label_H_16, /images/H_curtained_hair/653eb05ddfeaaaedd1d5c7ec62d72c78.jpg, [ 1.00 0.00 0.00 1.00 0.00 0.00 1.00 1.00 0.00 0.00 1.00 1.00 0.00 1.00 1.00 1.00 0.00 0.00 0.00 1.00 1.00 0.00 ]
Label_H_16, /images/H_curtained_hair/b3af85dbbf65f76c213ac5124c877adf.jpg, [ 0.00 1.00 0.00 1.00 0.00 0.00 1.00 1.00 0.00 0.00 1.00 1.00 0.00 1.00 1.00 1.00 0.00 0.00 0.00 1.00 1.00 0.00 ]
Label_H_16, /images/H_curtained_hair/fd17cd661c2dc3adca062432c643c9c8.jpg, [ 0.00 1.00 0.00 1.00 0.00 0.00 1.00 1.00 0.00 0.00 1.00 1.00 0.00 1.00 1.00 1.00 0.00 0.00 0.00 1.00 1.00 0.00 ]
Label_H_16, /images/H_curtained_hair/05e6e707869538a15017f9b2ec210668.jpg, [ 1.00 0.00 0.00 1.00 0.00 0.00 1.00 1.00 0.00 0.00 1.00 1.00 0.00 1.00 1.00 1.00 0.00 0.00 0.00 1.00 1.00 0.00 ]
Label_H_16, /images/H_curtained_hair/56a475624986df931939ecc08ba9e2f8.jpg, [ 1.00 0.00 0.00 1.00 0.00 0.00 1.00 1.00 0.00 0.00 1.00 1.00 0.00 1.00 1.00 1.00 0.00 0.00 0.00 1.00 1.00 0.00 ]
Label_H_16, /images/H_curtained_hair/746ee393e5631dc16580dda1d08fd718.jpg, [ 0.00 1.00 0.00 1.00 0.00 0.00 1.00 1.00 0.00 0.00 1.00 1.00 0.00 1.00 1.00 1.00 0.00 0.00 0.00 1.00 1.00 0.00 ]
Label_H_16, /images/H_curtained_hair/b61e2a46123d5b852817eefe4d104d36.jpg, [ 1.00 0.00 0.00 1.00 0.00 0.00 1.00 1.00 0.00 0.00 1.00 1.00 0.00 1.00 1.00 1.00 0.00 0.00 0.00 1.00 1.00 0.00 ]
Label_H_16, /images/H_curtained_hair/0be7662b48454278eef867b1eb2face8.jpg, [ 0.00 0.00 0.00 1.00 0.00 0.00 1.00 1.00 0.00 0.00 1.00 1.00 0.00 1.00 1.00 1.00 0.00 0.00 0.00 1.00 1.00 0.00 ]
Label_H_16, /images/H_curtained_hair/cfebd6c8b24b93ad100247e9ced0f6da.jpg, [ 0.00 1.00 0.00 1.00 0.00 0.00 1.00 1.00 0.00 0.00 1.00 1.00 0.00 1.00 1.00 1.00 0.00 0.00 0.00 1.00 1.00 0.00 ]
Label_H_16, /images/H_curtained_hair/71a14058b2049829e17e8e8c8b620e9d.jpg, [ 0.00 0.00 1.00 1.00 0.00 0.00 1.00 1.00 0.00 0.00 1.00 1.00 0.00 1.00 1.00 1.00 0.00 0.00 0.00 1.00 1.00 0.00 ]
Label_H_16, /images/H_curtained_hair/66b46a9c141bf4c6e669a03eaedd1d5b.jpg, [ 0.00 1.00 0.00 1.00 0.00 0.00 1.00 1.00 0.00 0.00 1.00 1.00 0.00 1.00 1.00 1.00 0.00 0.00 0.00 1.00 1.00 0.00 ]
Label_H_16, /images/H_curtained_hair/c9a2a71c9da70fdf266951a698c63fcf.jpg, [ 0.00 1.00 0.00 1.00 0.00 0.00 1.00 1.00 0.00 0.00 1.00 1.00 0.00 1.00 1.00 1.00 0.00 0.00 0.00 1.00 1.00 0.00 ]
Label_H_16, /images/H_curtained_hair/8e104ba674b51d8730f102edb8666d38.jpg, [ 1.00 0.00 0.00 1.00 0.00 0.00 1.00 1.00 0.00 0.00 1.00 1.00 0.00 1.00 1.00 1.00 0.00 0.00 0.00 1.00 1.00 0.00 ]
Label_H_17, /images/H_dreadlocks/84a85dd0095ce748fb186cad66e91ba8.jpg, [ 1.00 0.00 0.00 1.00 0.00 0.00 1.00 1.00 0.00 1.00 1.00 1.00 1.00 0.00 0.00 1.00 0.00 0.00 1.00 0.00 1.00 0.00 ]
Label_H_17, /images/H_dreadlocks/881dd5d4025cf29cc17e37fcb1169d65.jpg, [ 0.00 1.00 0.00 1.00 0.00 0.00 1.00 1.00 0.00 1.00 1.00 1.00 1.00 0.00 0.00 1.00 0.00 0.00 1.00 0.00 1.00 0.00 ]
Label_H_17, /images/H_dreadlocks/90c687a6d32cf37a8827858cc971bc38.jpg, [ 0.00 1.00 0.00 1.00 0.00 0.00 1.00 1.00 0.00 0.00 0.00 1.00 1.00 0.00 0.00 1.00 0.00 0.00 1.00 0.00 1.00 0.00 ]
Label_H_17, /images/H_dreadlocks/e25290c165ad74a4a54afaee13d36b6c.jpg, [ 0.00 1.00 0.00 1.00 1.00 1.00 1.00 1.00 0.00 1.00 1.00 1.00 1.00 0.00 0.00 1.00 0.00 0.00 1.00 0.00 1.00 0.00 ]
Label_H_17, /images/H_dreadlocks/72eda8b7713ab6d5878f1b5c6121f894.jpg, [ 0.00 1.00 0.00 1.00 1.00 1.00 1.00 1.00 0.00 0.00 0.00 1.00 1.00 0.00 0.00 1.00 0.00 0.00 1.00 0.00 1.00 0.00 ]
Label_H_17, /images/H_dreadlocks/a2fb16c90ee13c06881bed4a5103de66.jpg, [ 0.00 1.00 0.00 1.00 1.00 1.00 1.00 1.00 0.00 0.00 0.00 1.00 1.00 0.00 0.00 1.00 0.00 0.00 1.00 0.00 1.00 0.00 ]
Label_H_17, /images/H_dreadlocks/8f883f56b05cba0c5bebed6423ebc9d3.jpg, [ 0.00 1.00 0.00 1.00 1.00 1.00 1.00 1.00 0.00 0.00 0.00 1.00 1.00 0.00 0.00 1.00 0.00 0.00 1.00 0.00 1.00 0.00 ]
Label_H_17, /images/H_dreadlocks/34ee91bafbe58d6d813c7b1b3e9bb0b5.jpg, [ 0.00 1.00 0.00 1.00 1.00 1.00 1.00 1.00 0.00 0.00 0.00 1.00 1.00 0.00 0.00 1.00 0.00 0.00 1.00 0.00 1.00 0.00 ]
Label_H_17, /images/H_dreadlocks/3702d631e486da2d660bfd7db6b1d750.jpg, [ 1.00 0.00 0.00 1.00 0.00 0.00 1.00 1.00 0.00 1.00 1.00 1.00 1.00 0.00 0.00 1.00 0.00 0.00 1.00 0.00 1.00 0.00 ]
Label_H_17, /images/H_dreadlocks/f3e59420b96c56c7a0497fb14a15312d.jpg, [ 1.00 0.00 0.00 1.00 0.00 0.00 1.00 1.00 0.00 1.00 1.00 1.00 1.00 0.00 0.00 1.00 0.00 0.00 1.00 0.00 1.00 0.00 ]
Label_H_17, /images/H_dreadlocks/58a83182c0d12417949bf37ef1376ff6.jpg, [ 1.00 0.00 0.00 1.00 0.00 0.00 1.00 1.00 0.00 0.00 0.00 1.00 1.00 0.00 0.00 1.00 0.00 0.00 1.00 0.00 1.00 0.00 ]
Label_H_17, /images/H_dreadlocks/5fdc84c74f50effe1d9c591b9ccef375.jpg, [ 0.00 1.00 0.00 1.00 1.00 1.00 1.00 1.00 0.00 0.00 0.00 1.00 1.00 0.00 0.00 1.00 0.00 0.00 1.00 0.00 1.00 0.00 ]
Label_H_17, /images/H_dreadlocks/3c3dd456844adad79348515fcdc8346d.jpg, [ 1.00 0.00 0.00 1.00 1.00 1.00 1.00 1.00 0.00 0.00 0.00 1.00 1.00 0.00 0.00 1.00 0.00 0.00 1.00 0.00 1.00 0.00 ]
Label_H_17, /images/H_dreadlocks/c41e11f94c724572a9ba24f1486fe14b.jpg, [ 1.00 0.00 0.00 1.00 1.00 1.00 1.00 1.00 0.00 0.00 0.00 1.00 1.00 0.00 0.00 1.00 0.00 0.00 1.00 0.00 1.00 0.00 ]
Label_H_17, /images/H_dreadlocks/2aba508cae7f63285ae7149a03587120.jpg, [ 0.00 0.00 0.00 1.00 0.00 0.00 1.00 1.00 0.00 1.00 1.00 1.00 1.00 0.00 0.00 1.00 0.00 0.00 1.00 0.00 1.00 0.00 ]
Label_H_17, /images/H_dreadlocks/d2856a1a7cc2dbdad99be533c4fca4d5.jpg, [ 0.00 1.00 0.00 1.00 0.00 0.00 1.00 1.00 0.00 1.00 1.00 1.00 1.00 0.00 0.00 1.00 0.00 0.00 1.00 0.00 1.00 0.00 ]
Label_H_17, /images/H_dreadlocks/4f51f32b4f174a3039c1a1a0227f04dc.jpg, [ 1.00 0.00 0.00 1.00 1.00 1.00 1.00 1.00 0.00 1.00 0.00 1.00 1.00 0.00 0.00 1.00 0.00 0.00 1.00 0.00 1.00 0.00 ]
Label_H_17, /images/H_dreadlocks/ab1b4361f9690c519705cf24e7b4af54.jpg, [ 0.00 1.00 0.00 1.00 0.00 0.00 1.00 1.00 0.00 1.00 1.00 1.00 1.00 0.00 0.00 1.00 0.00 0.00 1.00 0.00 1.00 0.00 ]
Label_H_17, /images/H_dreadlocks/0c5b36a7b65a2a33e16517a7fcd2e895.jpg, [ 0.00 1.00 0.00 1.00 0.00 0.00 1.00 1.00 0.00 1.00 1.00 1.00 1.00 0.00 0.00 1.00 0.00 0.00 1.00 0.00 1.00 0.00 ]
Label_H_17, /images/H_dreadlocks/a5c42a8fb35f96dacf60b44b055367f3.jpg, [ 1.00 0.00 0.00 1.00 1.00 1.00 1.00 1.00 0.00 0.00 0.00 1.00 1.00 0.00 0.00 1.00 0.00 0.00 1.00 0.00 1.00 0.00 ]
Label_H_21, /images/H_horseshoe_flattop/62785d2fc8a6404d51915a627cd98d7b.jpg, [ 0.00 0.00 1.00 1.00 1.00 1.00 1.00 1.00 1.00 0.00 0.00 0.00 0.00 1.00 1.00 0.00 0.00 1.00 0.00 1.00 0.00 0.00 ]
Label_H_21, /images/H_horseshoe_flattop/167898b59149805caff36750ed7d593a.jpg, [ 0.00 1.00 0.00 1.00 1.00 1.00 1.00 1.00 1.00 0.00 0.00 0.00 0.00 1.00 0.00 0.00 0.00 1.00 0.00 1.00 0.00 0.00 ]
Label_H_21, /images/H_horseshoe_flattop/0a72e3d8ce133991ba4de235bb70dfd6.jpg, [ 0.00 1.00 0.00 1.00 1.00 1.00 1.00 1.00 1.00 0.00 0.00 0.00 0.00 1.00 0.00 0.00 0.00 1.00 0.00 1.00 0.00 0.00 ]
Label_H_21, /images/H_horseshoe_flattop/8313d2adb31a94b7431d3949cbda6b6d.jpg, [ 1.00 0.00 0.00 1.00 1.00 1.00 1.00 1.00 1.00 0.00 0.00 0.00 0.00 1.00 0.00 0.00 0.00 1.00 0.00 1.00 0.00 0.00 ]
Label_H_21, /images/H_horseshoe_flattop/b197a342a81d02e4a988dd66cf331365.jpg, [ 1.00 0.00 0.00 1.00 1.00 1.00 1.00 1.00 1.00 0.00 0.00 0.00 0.00 1.00 0.00 0.00 0.00 1.00 0.00 1.00 0.00 0.00 ]
Label_H_21, /images/H_horseshoe_flattop/76c752038207a107f5f53d9274187d4e.jpg, [ 0.00 1.00 0.00 1.00 1.00 1.00 1.00 1.00 1.00 0.00 0.00 0.00 0.00 1.00 0.00 0.00 0.00 1.00 0.00 1.00 0.00 0.00 ]
Label_H_21, /images/H_horseshoe_flattop/792309f8234aa32a3ad901e1879bd6af.jpg, [ 0.00 1.00 0.00 1.00 1.00 1.00 1.00 1.00 1.00 0.00 0.00 0.00 0.00 1.00 0.00 0.00 0.00 1.00 0.00 1.00 0.00 0.00 ]
Label_H_21, /images/H_horseshoe_flattop/9ae87111ba2615ff578df270b3eac121.jpg, [ 1.00 0.00 0.00 1.00 1.00 1.00 1.00 1.00 1.00 0.00 0.00 0.00 0.00 1.00 0.00 0.00 0.00 1.00 0.00 1.00 0.00 0.00 ]
Label_H_21, /images/H_horseshoe_flattop/42ac410972fca0b0977d4744448fd98e.jpg, [ 1.00 0.00 0.00 1.00 1.00 1.00 1.00 1.00 1.00 0.00 0.00 0.00 0.00 1.00 0.00 0.00 0.00 1.00 0.00 1.00 0.00 0.00 ]
Label_H_21, /images/H_horseshoe_flattop/164cb56dac9271e52b2c94c766076045.jpg, [ 1.00 0.00 0.00 1.00 1.00 1.00 1.00 1.00 1.00 0.00 0.00 0.00 0.00 1.00 0.00 0.00 0.00 1.00 0.00 1.00 0.00 0.00 ]
Label_H_21, /images/H_horseshoe_flattop/6700efe59bdf7d7a970668cbba74dae0.jpg, [ 0.00 1.00 0.00 1.00 1.00 1.00 1.00 1.00 1.00 0.00 0.00 0.00 0.00 1.00 0.00 0.00 0.00 1.00 0.00 1.00 0.00 0.00 ]
Label_H_21, /images/H_horseshoe_flattop/f2a70f316659b91f09ef8a2552dabe61.jpg, [ 1.00 0.00 0.00 1.00 1.00 1.00 1.00 1.00 1.00 0.00 0.00 0.00 0.00 1.00 0.00 0.00 0.00 1.00 0.00 1.00 0.00 0.00 ]
Label_H_21, /images/H_horseshoe_flattop/fe397c20fff81e2203c606a16c0a1075.jpg, [ 1.00 0.00 0.00 1.00 1.00 1.00 1.00 1.00 1.00 0.00 0.00 0.00 0.00 1.00 0.00 0.00 0.00 1.00 0.00 1.00 0.00 0.00 ]
Label_H_21, /images/H_horseshoe_flattop/ca28c20c836807faff4e87f29b6eb151.jpg, [ 1.00 0.00 0.00 1.00 1.00 1.00 1.00 1.00 1.00 0.00 0.00 0.00 0.00 1.00 0.00 0.00 0.00 1.00 0.00 1.00 0.00 0.00 ]
Label_H_21, /images/H_horseshoe_flattop/3585f53c710f3fb81db0af1d8949186b.jpg, [ 0.00 0.00 1.00 1.00 1.00 1.00 1.00 1.00 1.00 0.00 0.00 0.00 0.00 1.00 0.00 0.00 0.00 1.00 0.00 1.00 0.00 0.00 ]
Label_H_21, /images/H_horseshoe_flattop/3f4072c481b219457e24ff8b9186af00.jpg, [ 1.00 0.00 0.00 1.00 1.00 1.00 1.00 1.00 1.00 0.00 0.00 0.00 0.00 1.00 0.00 0.00 0.00 1.00 0.00 1.00 0.00 0.00 ]
Label_H_21, /images/H_horseshoe_flattop/ea1e2e24c3011c06723fc0f17838ae21.jpg, [ 0.00 0.00 1.00 1.00 1.00 1.00 1.00 1.00 1.00 0.00 0.00 0.00 0.00 1.00 0.00 0.00 0.00 1.00 0.00 1.00 0.00 0.00 ]
Label_H_21, /images/H_horseshoe_flattop/16241db92ab255062a71d53f788c4022.jpg, [ 0.00 0.00 0.00 1.00 1.00 1.00 1.00 1.00 1.00 0.00 0.00 0.00 0.00 1.00 0.00 0.00 0.00 1.00 0.00 1.00 0.00 0.00 ]
Label_H_21, /images/H_horseshoe_flattop/3174e2a8ed538d2848da1b326eb07632.jpg, [ 1.00 0.00 0.00 1.00 1.00 1.00 1.00 1.00 1.00 0.00 0.00 0.00 0.00 1.00 0.00 0.00 0.00 1.00 0.00 1.00 0.00 0.00 ]
Label_H_21, /images/H_horseshoe_flattop/32f2278bce4db5db71d4446f15d8663a.jpg, [ 1.00 0.00 0.00 1.00 1.00 1.00 1.00 1.00 1.00 0.00 0.00 0.00 0.00 1.00 0.00 0.00 0.00 1.00 0.00 1.00 0.00 0.00 ]
Label_H_22, /images/H_layered_hair/71831418477c748212e26717f26b3cd7.jpg, [ 0.00 0.00 1.00 1.00 0.00 0.00 1.00 1.00 1.00 1.00 1.00 1.00 0.00 1.00 1.00 0.00 1.00 1.00 0.00 1.00 1.00 0.00 ]
Label_H_22, /images/H_layered_hair/bd3375e662571ececfca155f44541529.jpg, [ 0.00 0.00 1.00 1.00 0.00 0.00 1.00 1.00 1.00 1.00 1.00 1.00 0.00 1.00 1.00 0.00 1.00 1.00 0.00 1.00 1.00 0.00 ]
Label_H_22, /images/H_layered_hair/b3dca96ff6383945472f15990ff3610b.jpg, [ 0.00 0.00 1.00 1.00 0.00 0.00 1.00 1.00 1.00 1.00 1.00 1.00 0.00 1.00 1.00 0.00 1.00 1.00 0.00 1.00 1.00 0.00 ]
Label_H_22, /images/H_layered_hair/8945d051a903fd509aa168c52a8e31d8.jpg, [ 0.00 0.00 1.00 1.00 0.00 0.00 1.00 1.00 1.00 1.00 1.00 1.00 0.00 1.00 1.00 0.00 1.00 1.00 0.00 1.00 1.00 0.00 ]
Label_H_22, /images/H_layered_hair/a8a478f5b8c33e910d32c8c65960b81f.jpg, [ 0.00 0.00 1.00 1.00 0.00 0.00 1.00 1.00 1.00 1.00 1.00 1.00 0.00 1.00 1.00 0.00 1.00 1.00 0.00 1.00 1.00 0.00 ]
Label_H_22, /images/H_layered_hair/b8b4d7fc95f680e5a837152987397eae.jpg, [ 0.00 1.00 0.00 1.00 0.00 0.00 1.00 1.00 1.00 1.00 1.00 1.00 0.00 1.00 1.00 0.00 1.00 1.00 0.00 1.00 1.00 0.00 ]
Label_H_22, /images/H_layered_hair/1a36009b171ef82a3bc31d3660c48d08.jpg, [ 0.00 0.00 1.00 1.00 0.00 0.00 1.00 1.00 1.00 1.00 1.00 1.00 0.00 1.00 1.00 0.00 1.00 1.00 0.00 1.00 1.00 0.00 ]
Label_H_22, /images/H_layered_hair/317de56d3e45601b6d45d99fe8c748fc.jpg, [ 0.00 0.00 1.00 1.00 0.00 0.00 1.00 1.00 1.00 1.00 1.00 1.00 0.00 1.00 1.00 0.00 1.00 1.00 0.00 1.00 1.00 0.00 ]
Label_H_22, /images/H_layered_hair/9858531e93a9a77a18783382188084d7.jpg, [ 0.00 0.00 1.00 1.00 0.00 0.00 1.00 1.00 1.00 1.00 1.00 1.00 0.00 1.00 1.00 0.00 1.00 1.00 0.00 1.00 1.00 0.00 ]
Label_H_22, /images/H_layered_hair/882c14f1c10696509b1953224515c811.jpg, [ 0.00 0.00 1.00 1.00 0.00 0.00 1.00 1.00 1.00 1.00 1.00 1.00 0.00 1.00 1.00 0.00 1.00 1.00 0.00 1.00 1.00 0.00 ]
Label_H_22, /images/H_layered_hair/af4bf6070e3d2dddaed7a9e25f95d53b.jpg, [ 0.00 0.00 1.00 1.00 0.00 0.00 1.00 1.00 1.00 1.00 1.00 1.00 0.00 1.00 1.00 0.00 1.00 1.00 0.00 1.00 1.00 0.00 ]
Label_H_22, /images/H_layered_hair/6b4c62b33e0554994b9a5f4fe308d02c.jpg, [ 0.00 0.00 1.00 1.00 0.00 0.00 1.00 1.00 1.00 1.00 1.00 1.00 0.00 1.00 1.00 0.00 1.00 1.00 0.00 1.00 1.00 0.00 ]
Label_H_22, /images/H_layered_hair/89865cd7797b8c26c969acf5499e0e87.jpg, [ 0.00 0.00 1.00 1.00 0.00 0.00 1.00 1.00 1.00 1.00 1.00 1.00 0.00 1.00 1.00 0.00 1.00 1.00 0.00 1.00 1.00 0.00 ]
Label_H_22, /images/H_layered_hair/bdd1dc647b0067c48ee909eb983a7c6c.jpg, [ 0.00 0.00 1.00 1.00 0.00 0.00 1.00 1.00 1.00 1.00 1.00 1.00 0.00 1.00 1.00 0.00 1.00 1.00 0.00 1.00 1.00 0.00 ]
Label_H_22, /images/H_layered_hair/1a9fc61189f57069dfc0907445bdf911.jpg, [ 0.00 1.00 0.00 1.00 0.00 0.00 1.00 1.00 1.00 1.00 1.00 1.00 0.00 1.00 1.00 0.00 1.00 1.00 0.00 1.00 1.00 0.00 ]
Label_H_22, /images/H_layered_hair/a32743ec36f615eae47a6f9805bf29d4.jpg, [ 0.00 0.00 1.00 1.00 0.00 0.00 1.00 1.00 1.00 1.00 1.00 1.00 0.00 1.00 1.00 0.00 1.00 1.00 0.00 1.00 1.00 0.00 ]
Label_H_22, /images/H_layered_hair/5d8c09a5cd82b5dd0cd5495648330ce4.jpg, [ 0.00 0.00 1.00 1.00 0.00 0.00 1.00 1.00 1.00 1.00 1.00 1.00 0.00 1.00 1.00 0.00 1.00 1.00 0.00 1.00 1.00 0.00 ]
Label_H_22, /images/H_layered_hair/fb614609ebd154bfe642b8d90f78067b.jpg, [ 0.00 0.00 1.00 1.00 0.00 0.00 1.00 1.00 1.00 1.00 1.00 1.00 0.00 1.00 1.00 0.00 1.00 1.00 0.00 1.00 1.00 0.00 ]
Label_H_22, /images/H_layered_hair/5603abfbe3a11a0bc6b94eab3c733cfe.jpg, [ 0.00 0.00 1.00 1.00 0.00 0.00 1.00 1.00 1.00 1.00 1.00 1.00 0.00 1.00 1.00 0.00 1.00 1.00 0.00 1.00 1.00 0.00 ]
Label_H_22, /images/H_layered_hair/aa844ed3e5b64480976e507f9e27cd94.jpg, [ 0.00 0.00 1.00 1.00 0.00 0.00 1.00 1.00 1.00 1.00 1.00 1.00 0.00 1.00 1.00 0.00 1.00 1.00 0.00 1.00 1.00 0.00 ]
Label_H_23, /images/H_liberty_spikes_hair/eeadc716021f93aaafc370611e886c7e.jpg, [ 0.00 0.00 0.00 0.00 0.00 0.00 1.00 1.00 0.00 1.00 1.00 0.00 1.00 0.00 0.00 0.00 1.00 0.00 1.00 0.00 1.00 0.00 ]
Label_H_23, /images/H_liberty_spikes_hair/8d727e4017dff7d4d98c004b03bd9bfe.jpg, [ 0.00 0.00 1.00 0.00 0.00 0.00 1.00 1.00 0.00 1.00 1.00 0.00 1.00 0.00 0.00 0.00 0.00 0.00 1.00 0.00 1.00 0.00 ]
Label_H_23, /images/H_liberty_spikes_hair/007c9eb0c6fe1155b95b2ef3e6e29f27.jpg, [ 1.00 0.00 0.00 0.00 0.00 0.00 1.00 1.00 0.00 1.00 1.00 0.00 1.00 0.00 0.00 0.00 1.00 0.00 1.00 0.00 1.00 0.00 ]
Label_H_23, /images/H_liberty_spikes_hair/475084703d8cd4149cd8b3e48b73fa2f.jpg, [ 0.00 0.00 0.00 0.00 0.00 0.00 1.00 1.00 0.00 1.00 1.00 0.00 1.00 0.00 0.00 0.00 1.00 0.00 1.00 0.00 1.00 0.00 ]
Label_H_23, /images/H_liberty_spikes_hair/e4ffea949515e49ec47cd154b090963a.jpg, [ 0.00 1.00 0.00 0.00 0.00 0.00 1.00 1.00 0.00 1.00 1.00 0.00 1.00 0.00 0.00 0.00 1.00 0.00 1.00 0.00 1.00 0.00 ]
Label_H_23, /images/H_liberty_spikes_hair/b4e3c5dbc7ccc4992498b839d6f8db2a.jpg, [ 0.00 1.00 0.00 0.00 0.00 0.00 1.00 1.00 0.00 1.00 1.00 0.00 1.00 0.00 0.00 0.00 1.00 0.00 1.00 0.00 1.00 0.00 ]
Label_H_23, /images/H_liberty_spikes_hair/0e28fe955af8622cf65b22b70f8fea82.jpg, [ 0.00 1.00 0.00 0.00 0.00 0.00 1.00 1.00 0.00 1.00 1.00 0.00 1.00 0.00 0.00 0.00 1.00 0.00 1.00 0.00 1.00 0.00 ]
Label_H_23, /images/H_liberty_spikes_hair/c42e9b43871b0f3277fae46652559cd7.jpg, [ 1.00 0.00 0.00 0.00 0.00 0.00 1.00 1.00 0.00 1.00 1.00 0.00 1.00 0.00 0.00 0.00 1.00 0.00 1.00 0.00 1.00 0.00 ]
Label_H_23, /images/H_liberty_spikes_hair/001fc490228f71320ea727a69526ae91.jpg, [ 1.00 0.00 0.00 0.00 0.00 0.00 1.00 1.00 0.00 1.00 1.00 0.00 1.00 0.00 0.00 0.00 1.00 0.00 1.00 0.00 1.00 0.00 ]
Label_H_23, /images/H_liberty_spikes_hair/01b802056780e1d5794cd8c124dd51df.jpg, [ 0.00 1.00 0.00 0.00 0.00 0.00 1.00 1.00 0.00 1.00 1.00 0.00 1.00 0.00 0.00 0.00 1.00 0.00 1.00 0.00 1.00 0.00 ]
Label_H_23, /images/H_liberty_spikes_hair/452a4b71762f292e7aba9a4393739e40.jpg, [ 0.00 0.00 0.00 0.00 0.00 0.00 1.00 1.00 0.00 1.00 1.00 0.00 1.00 0.00 0.00 0.00 1.00 0.00 1.00 0.00 1.00 0.00 ]
Label_H_23, /images/H_liberty_spikes_hair/defb0d276e61890989ebec146b4cd276.jpg, [ 0.00 0.00 0.00 0.00 0.00 0.00 1.00 1.00 0.00 0.00 0.00 0.00 1.00 0.00 0.00 0.00 1.00 0.00 1.00 0.00 1.00 0.00 ]
Label_H_23, /images/H_liberty_spikes_hair/5b0ebaa7ffaeff63700cc3a5aa65f94e.jpg, [ 0.00 1.00 0.00 0.00 0.00 0.00 1.00 1.00 0.00 0.00 0.00 0.00 1.00 0.00 0.00 0.00 1.00 0.00 1.00 0.00 1.00 0.00 ]
Label_H_23, /images/H_liberty_spikes_hair/128fb5e67cf524e03753a1cc38106aa5.jpg, [ 0.00 1.00 0.00 0.00 0.00 0.00 1.00 1.00 0.00 1.00 1.00 0.00 1.00 0.00 0.00 0.00 1.00 0.00 1.00 0.00 1.00 0.00 ]
Label_H_23, /images/H_liberty_spikes_hair/64a98ed2507fb19540a488c0e1076319.jpg, [ 0.00 0.00 0.00 0.00 0.00 0.00 1.00 1.00 0.00 0.00 1.00 0.00 1.00 0.00 0.00 0.00 1.00 0.00 1.00 0.00 1.00 0.00 ]
Label_H_23, /images/H_liberty_spikes_hair/eda62eaa2105f68771e14c38216ce72d.jpg, [ 1.00 0.00 0.00 0.00 0.00 0.00 1.00 1.00 0.00 1.00 1.00 0.00 1.00 0.00 0.00 0.00 1.00 0.00 1.00 0.00 1.00 0.00 ]
Label_H_23, /images/H_liberty_spikes_hair/387f4cf5986a393a3a41f40d7f06bb4a.jpg, [ 1.00 0.00 0.00 0.00 0.00 0.00 1.00 1.00 0.00 1.00 1.00 0.00 1.00 0.00 0.00 0.00 1.00 0.00 1.00 0.00 1.00 0.00 ]
Label_H_23, /images/H_liberty_spikes_hair/77f65edd718911019dd52f257d879252.jpg, [ 1.00 0.00 0.00 0.00 0.00 0.00 1.00 1.00 0.00 1.00 1.00 0.00 1.00 0.00 0.00 0.00 1.00 0.00 1.00 0.00 1.00 0.00 ]
Label_H_23, /images/H_liberty_spikes_hair/3dcbad9251dfa2722141861206e36ae9.jpg, [ 0.00 1.00 0.00 0.00 0.00 0.00 1.00 1.00 0.00 0.00 0.00 0.00 1.00 0.00 0.00 0.00 0.00 0.00 1.00 0.00 1.00 0.00 ]
Label_H_23, /images/H_liberty_spikes_hair/03138a5038ad09ee582cc97b894f9f06.jpg, [ 0.00 0.00 0.00 0.00 0.00 0.00 1.00 1.00 0.00 0.00 0.00 0.00 1.00 0.00 0.00 0.00 1.00 0.00 1.00 0.00 1.00 0.00 ]
Label_H_24, /images/H_mohawk/de31db1b9d65145172d742bdbd2c1ab8.jpg, [ 0.00 0.00 0.00 1.00 0.00 0.00 1.00 1.00 0.00 1.00 1.00 0.00 1.00 0.00 0.00 0.00 1.00 0.00 1.00 0.00 1.00 0.00 ]
Label_H_24, /images/H_mohawk/c2289bf1e87824e36d505841e5abb4ec.jpg, [ 0.00 1.00 0.00 1.00 0.00 0.00 1.00 1.00 0.00 1.00 1.00 0.00 1.00 1.00 0.00 0.00 1.00 0.00 1.00 0.00 1.00 0.00 ]
Label_H_24, /images/H_mohawk/e1383d2e680e7f16e2a1a43d87d45987.jpg, [ 1.00 0.00 0.00 1.00 0.00 0.00 1.00 1.00 0.00 1.00 1.00 0.00 1.00 0.00 0.00 0.00 1.00 0.00 1.00 0.00 1.00 0.00 ]
Label_H_24, /images/H_mohawk/d34a96cbe81ca21929955469accf068a.jpg, [ 0.00 0.00 1.00 1.00 0.00 0.00 1.00 1.00 0.00 1.00 1.00 0.00 1.00 0.00 0.00 0.00 1.00 0.00 1.00 0.00 1.00 0.00 ]
Label_H_24, /images/H_mohawk/8c1068d13f279fc0de20e834dad329ad.jpg, [ 1.00 0.00 0.00 1.00 0.00 0.00 1.00 1.00 0.00 1.00 1.00 0.00 1.00 0.00 0.00 0.00 1.00 0.00 1.00 0.00 1.00 0.00 ]
Label_H_24, /images/H_mohawk/e17849eaf035fced95665d365fc4ece5.jpg, [ 0.00 0.00 1.00 1.00 0.00 0.00 1.00 1.00 0.00 1.00 1.00 0.00 1.00 0.00 0.00 0.00 1.00 0.00 1.00 0.00 1.00 0.00 ]
Label_H_24, /images/H_mohawk/4f0686c4959c6c8065edd56e033ab821.jpg, [ 0.00 1.00 0.00 1.00 0.00 0.00 1.00 1.00 0.00 1.00 0.00 0.00 1.00 0.00 0.00 0.00 1.00 0.00 1.00 0.00 1.00 0.00 ]
Label_H_24, /images/H_mohawk/166dd45b1e6f5938d125815f57b9497b.jpg, [ 0.00 1.00 0.00 1.00 0.00 0.00 1.00 1.00 0.00 1.00 1.00 0.00 1.00 0.00 0.00 0.00 1.00 0.00 1.00 0.00 1.00 0.00 ]
Label_H_24, /images/H_mohawk/cc49a34588ab869af01242a43b2555ab.jpg, [ 0.00 0.00 0.00 1.00 0.00 0.00 1.00 1.00 0.00 1.00 1.00 0.00 1.00 0.00 0.00 0.00 1.00 0.00 1.00 0.00 1.00 0.00 ]
Label_H_24, /images/H_mohawk/8e62c905b8fbc4c154d77ed696203bf0.jpg, [ 1.00 0.00 0.00 1.00 0.00 0.00 1.00 1.00 0.00 1.00 1.00 0.00 1.00 0.00 0.00 0.00 1.00 0.00 1.00 0.00 1.00 0.00 ]
Label_H_24, /images/H_mohawk/e7af50dd3f80de48a63decc33f75d44e.jpg, [ 1.00 0.00 0.00 1.00 0.00 0.00 1.00 1.00 0.00 1.00 1.00 0.00 1.00 0.00 0.00 0.00 1.00 0.00 1.00 0.00 1.00 0.00 ]
Label_H_24, /images/H_mohawk/dc1dc03ce402f25285c9a2c195018a23.jpg, [ 0.00 0.00 0.00 1.00 0.00 0.00 1.00 1.00 0.00 1.00 1.00 0.00 1.00 0.00 0.00 0.00 1.00 0.00 1.00 0.00 1.00 0.00 ]
Label_H_24, /images/H_mohawk/285d6cdaf10dec11d4e8106a9a10b490.jpg, [ 1.00 0.00 0.00 1.00 0.00 0.00 1.00 1.00 0.00 1.00 1.00 0.00 1.00 0.00 0.00 0.00 1.00 0.00 1.00 0.00 1.00 0.00 ]
Label_H_24, /images/H_mohawk/7c51edd44d1d6dc33d3aa34248aa90d4.jpg, [ 0.00 0.00 0.00 1.00 0.00 1.00 1.00 1.00 0.00 1.00 1.00 0.00 1.00 0.00 0.00 0.00 1.00 0.00 1.00 0.00 1.00 0.00 ]
Label_H_24, /images/H_mohawk/071154d247b8e7150a5a0663254f32de.jpg, [ 0.00 0.00 1.00 1.00 0.00 0.00 1.00 1.00 0.00 1.00 1.00 0.00 1.00 0.00 0.00 0.00 1.00 0.00 1.00 0.00 1.00 0.00 ]
Label_H_24, /images/H_mohawk/3b2516cd44c7b583f664e5102edc42f9.jpg, [ 0.00 0.00 0.00 1.00 0.00 0.00 1.00 1.00 0.00 1.00 1.00 0.00 1.00 0.00 0.00 0.00 1.00 0.00 1.00 0.00 1.00 0.00 ]
Label_H_24, /images/H_mohawk/c403c3762b12cab46f3dcc1f978e5f1d.jpg, [ 0.00 1.00 0.00 1.00 0.00 0.00 1.00 1.00 0.00 1.00 1.00 0.00 1.00 0.00 0.00 0.00 1.00 0.00 1.00 0.00 1.00 0.00 ]
Label_H_24, /images/H_mohawk/df3bc503b596e43112558ef78d0dd832.jpg, [ 1.00 0.00 0.00 1.00 0.00 0.00 1.00 1.00 0.00 1.00 1.00 0.00 1.00 0.00 0.00 0.00 1.00 0.00 1.00 0.00 1.00 0.00 ]
Label_H_24, /images/H_mohawk/f133fcde32319ff829f266db0ce44d2c.jpg, [ 0.00 1.00 0.00 1.00 0.00 0.00 1.00 1.00 0.00 1.00 1.00 0.00 1.00 0.00 0.00 1.00 1.00 0.00 1.00 0.00 1.00 0.00 ]
Label_H_24, /images/H_mohawk/c5d2ec9c732300cb4f79f7584a0028d9.jpg, [ 1.00 0.00 0.00 1.00 0.00 0.00 1.00 1.00 0.00 1.00 1.00 0.00 1.00 0.00 0.00 0.00 1.00 0.00 1.00 0.00 1.00 0.00 ]
Label_H_25, /images/H_mullet/109bf98346c22cd73da68645ed3ac23b.jpg, [ 0.00 1.00 0.00 1.00 1.00 1.00 1.00 1.00 0.00 1.00 0.00 0.00 0.00 0.00 0.00 0.00 0.00 0.00 1.00 0.00 1.00 0.00 ]
Label_H_25, /images/H_mullet/702b80621de981956488d33cd37deaf0.jpg, [ 1.00 0.00 0.00 1.00 1.00 1.00 1.00 1.00 0.00 1.00 0.00 0.00 1.00 0.00 0.00 0.00 0.00 0.00 1.00 0.00 1.00 0.00 ]
Label_H_25, /images/H_mullet/c5b0a032fa90ee4a87c7b495fa2db3cb.jpg, [ 0.00 1.00 0.00 1.00 1.00 1.00 1.00 1.00 0.00 1.00 0.00 0.00 1.00 0.00 0.00 0.00 0.00 0.00 1.00 0.00 1.00 0.00 ]
Label_H_25, /images/H_mullet/e3800bdecc1f33e12066f6a5e394947e.jpg, [ 0.00 0.00 1.00 1.00 1.00 1.00 1.00 1.00 0.00 1.00 0.00 0.00 1.00 0.00 0.00 0.00 0.00 0.00 1.00 0.00 1.00 0.00 ]
Label_H_25, /images/H_mullet/c4a7d50502f0e0fb819fec996577ddcd.jpg, [ 0.00 0.00 1.00 1.00 1.00 1.00 1.00 1.00 0.00 1.00 0.00 0.00 1.00 0.00 0.00 0.00 0.00 0.00 1.00 0.00 1.00 0.00 ]
Label_H_25, /images/H_mullet/4a8e417c23723ec1c9a10c3617eb61a4.jpg, [ 1.00 0.00 0.00 1.00 1.00 1.00 1.00 1.00 0.00 1.00 0.00 0.00 1.00 0.00 0.00 0.00 0.00 0.00 1.00 0.00 1.00 0.00 ]
Label_H_25, /images/H_mullet/0bf59157b71877c658eabdbc46b9e4e7.jpg, [ 0.00 0.00 1.00 1.00 1.00 1.00 1.00 1.00 0.00 0.00 0.00 0.00 1.00 0.00 0.00 0.00 0.00 0.00 1.00 0.00 1.00 0.00 ]
Label_H_25, /images/H_mullet/c608f1033132b1d2aba287f50a8b7b35.jpg, [ 1.00 0.00 1.00 1.00 1.00 1.00 1.00 1.00 0.00 1.00 0.00 0.00 1.00 0.00 0.00 0.00 0.00 0.00 1.00 0.00 1.00 0.00 ]
Label_H_25, /images/H_mullet/94e11b56e1282d8483064c3efe70530e.jpg, [ 1.00 0.00 0.00 1.00 1.00 1.00 1.00 1.00 0.00 1.00 0.00 0.00 1.00 0.00 0.00 0.00 0.00 0.00 1.00 0.00 1.00 0.00 ]
Label_H_25, /images/H_mullet/465e4c2a78dfe7e1341cdfc75515d2ff.jpg, [ 0.00 1.00 0.00 1.00 1.00 1.00 1.00 1.00 0.00 1.00 0.00 0.00 1.00 0.00 0.00 0.00 0.00 0.00 1.00 0.00 1.00 0.00 ]
Label_H_25, /images/H_mullet/832d428e7ff6af103f87a7319ba6af9f.jpg, [ 0.00 1.00 0.00 1.00 1.00 1.00 1.00 1.00 0.00 0.00 0.00 0.00 1.00 0.00 0.00 0.00 0.00 0.00 1.00 0.00 1.00 0.00 ]
Label_H_25, /images/H_mullet/922539cbd2b4e5f12324310e6da079d3.jpg, [ 1.00 0.00 0.00 1.00 1.00 1.00 1.00 1.00 0.00 1.00 0.00 0.00 1.00 0.00 0.00 0.00 0.00 0.00 1.00 0.00 1.00 0.00 ]
Label_H_25, /images/H_mullet/92767a09ab8aba8363620e8244a143b5.jpg, [ 0.00 0.00 1.00 1.00 1.00 1.00 1.00 1.00 0.00 1.00 0.00 0.00 1.00 0.00 0.00 0.00 0.00 0.00 1.00 0.00 1.00 0.00 ]
Label_H_25, /images/H_mullet/6909fb773b6df67912ab996af16d32f7.jpg, [ 0.00 1.00 0.00 1.00 1.00 1.00 1.00 1.00 0.00 1.00 0.00 0.00 1.00 0.00 0.00 0.00 0.00 0.00 1.00 0.00 1.00 0.00 ]
Label_H_25, /images/H_mullet/f7d436d779f48b9f6a1462ae57a48607.jpg, [ 0.00 0.00 1.00 1.00 1.00 1.00 1.00 1.00 0.00 1.00 0.00 0.00 1.00 0.00 0.00 0.00 0.00 0.00 1.00 0.00 1.00 0.00 ]
Label_H_25, /images/H_mullet/cd5357cdabca2110325aa2b9c95fa61c.jpg, [ 0.00 0.00 1.00 1.00 1.00 1.00 1.00 1.00 0.00 1.00 0.00 0.00 1.00 0.00 0.00 0.00 0.00 0.00 1.00 0.00 1.00 0.00 ]
Label_H_25, /images/H_mullet/6a007ab2a4974e08005334456d5a5cbe.jpg, [ 0.00 0.00 1.00 1.00 1.00 1.00 1.00 1.00 0.00 1.00 0.00 0.00 1.00 0.00 0.00 0.00 0.00 0.00 1.00 0.00 1.00 0.00 ]
Label_H_25, /images/H_mullet/a6d6d1281589c103800adc677f8d60de.jpg, [ 1.00 0.00 1.00 1.00 1.00 1.00 1.00 1.00 0.00 1.00 0.00 0.00 1.00 0.00 0.00 0.00 0.00 0.00 1.00 0.00 1.00 0.00 ]
Label_H_25, /images/H_mullet/34479a31b67f12548fb08253d65a7be8.jpg, [ 0.00 1.00 0.00 1.00 0.00 0.00 1.00 1.00 0.00 0.00 0.00 0.00 1.00 0.00 0.00 1.00 0.00 0.00 1.00 0.00 1.00 0.00 ]
Label_H_25, /images/H_mullet/aa7184b544b43dc0c2ec90f36d90e06b.jpg, [ 0.00 0.00 1.00 1.00 1.00 1.00 1.00 1.00 0.00 1.00 0.00 0.00 1.00 0.00 0.00 0.00 0.00 0.00 1.00 0.00 1.00 0.00 ]
Label_H_26, /images/H_perm/dad45ac99fab16763955f76333fdfa6d.jpg, [ 0.00 1.00 0.00 1.00 0.00 0.00 1.00 1.00 0.00 1.00 1.00 0.00 1.00 0.00 0.00 1.00 1.00 0.00 1.00 0.00 1.00 0.00 ]
Label_H_26, /images/H_perm/2f908736d9d630a0e42cc3e433d6b3c2.jpg, [ 0.00 1.00 0.00 1.00 0.00 0.00 1.00 1.00 0.00 1.00 1.00 0.00 1.00 0.00 0.00 1.00 1.00 0.00 1.00 0.00 1.00 0.00 ]
Label_H_26, /images/H_perm/7aca83be459067ccedc6524457490593.jpg, [ 0.00 1.00 0.00 1.00 0.00 0.00 1.00 1.00 0.00 1.00 1.00 0.00 1.00 0.00 0.00 1.00 1.00 0.00 1.00 0.00 1.00 0.00 ]
Label_H_26, /images/H_perm/8ef5d39b98f7477809f37c9c7ba3a621.jpg, [ 0.00 1.00 0.00 1.00 0.00 0.00 1.00 1.00 0.00 1.00 1.00 0.00 1.00 0.00 0.00 1.00 1.00 0.00 1.00 0.00 1.00 0.00 ]
Label_H_26, /images/H_perm/02e984ae8307cf08253caba7f5ce0b45.jpg, [ 0.00 1.00 0.00 1.00 0.00 0.00 1.00 1.00 0.00 1.00 1.00 0.00 1.00 0.00 0.00 1.00 1.00 0.00 1.00 0.00 1.00 0.00 ]
Label_H_26, /images/H_perm/305c021cb58553d949be87cb0ef7982a.jpg, [ 0.00 0.00 1.00 1.00 0.00 0.00 1.00 1.00 0.00 1.00 1.00 0.00 1.00 0.00 0.00 1.00 1.00 0.00 1.00 0.00 1.00 0.00 ]
Label_H_26, /images/H_perm/ab3531561d253da7ff26a16d5395bf9e.jpg, [ 0.00 0.00 1.00 1.00 0.00 0.00 1.00 1.00 0.00 1.00 1.00 0.00 1.00 0.00 0.00 1.00 1.00 0.00 1.00 0.00 1.00 0.00 ]
Label_H_26, /images/H_perm/553c1cf121e0c855f562f7686c55dbef.jpg, [ 0.00 1.00 0.00 1.00 0.00 0.00 1.00 1.00 0.00 1.00 1.00 0.00 1.00 0.00 0.00 1.00 1.00 0.00 1.00 0.00 1.00 0.00 ]
Label_H_26, /images/H_perm/6035058ee91af74c7cea606310110824.jpg, [ 0.00 0.00 1.00 1.00 0.00 0.00 1.00 1.00 0.00 1.00 1.00 0.00 1.00 0.00 0.00 1.00 1.00 0.00 1.00 0.00 1.00 0.00 ]
Label_H_26, /images/H_perm/adbcfdcb058d4f750cde0bb0ade8dc73.jpg, [ 0.00 1.00 0.00 1.00 0.00 0.00 1.00 1.00 0.00 1.00 1.00 0.00 1.00 0.00 0.00 1.00 1.00 0.00 1.00 0.00 1.00 0.00 ]
Label_H_26, /images/H_perm/49562252f78b6285c9da7e1a6d5ead41.jpg, [ 0.00 0.00 1.00 1.00 0.00 0.00 1.00 1.00 0.00 1.00 1.00 0.00 1.00 0.00 0.00 1.00 1.00 0.00 1.00 0.00 1.00 0.00 ]
Label_H_26, /images/H_perm/997c37d9160409ae3219eef6d642739d.jpg, [ 0.00 0.00 1.00 1.00 0.00 0.00 1.00 1.00 0.00 1.00 1.00 0.00 1.00 0.00 0.00 1.00 1.00 0.00 1.00 0.00 1.00 0.00 ]
Label_H_26, /images/H_perm/88401e810d78f70b76ee18374ec68c1d.jpg, [ 0.00 0.00 1.00 1.00 0.00 0.00 1.00 1.00 0.00 1.00 1.00 0.00 1.00 0.00 0.00 1.00 1.00 0.00 1.00 0.00 1.00 0.00 ]
Label_H_26, /images/H_perm/ad00e6ede51d08d80fb529ba3f37aa5a.jpg, [ 0.00 0.00 1.00 1.00 0.00 0.00 1.00 1.00 0.00 1.00 1.00 0.00 1.00 0.00 0.00 1.00 1.00 0.00 1.00 0.00 1.00 0.00 ]
Label_H_26, /images/H_perm/610a5a47d25af500a34f92af22b5aa90.jpg, [ 0.00 0.00 1.00 1.00 0.00 0.00 1.00 1.00 0.00 1.00 1.00 0.00 1.00 0.00 0.00 1.00 1.00 0.00 1.00 0.00 1.00 0.00 ]
Label_H_26, /images/H_perm/3dcc58a103ed682f9367ceb2c174aae6.jpg, [ 0.00 1.00 0.00 1.00 0.00 0.00 1.00 1.00 0.00 1.00 1.00 0.00 1.00 0.00 0.00 1.00 1.00 0.00 1.00 0.00 1.00 0.00 ]
Label_H_26, /images/H_perm/56f8ec493f6b09333396e7055ea8f61f.jpg, [ 0.00 0.00 1.00 1.00 0.00 0.00 1.00 1.00 0.00 1.00 1.00 0.00 1.00 0.00 0.00 1.00 1.00 0.00 1.00 0.00 1.00 0.00 ]
Label_H_26, /images/H_perm/8460c9fc637ae2da2a73c1bd01d0bacb.jpg, [ 0.00 1.00 0.00 1.00 0.00 0.00 1.00 1.00 0.00 1.00 1.00 0.00 1.00 0.00 0.00 1.00 1.00 0.00 1.00 0.00 1.00 0.00 ]
Label_H_26, /images/H_perm/933a23137b167fd232ab47edeb058605.jpg, [ 0.00 1.00 0.00 1.00 0.00 0.00 1.00 1.00 0.00 1.00 1.00 0.00 1.00 0.00 0.00 1.00 1.00 0.00 1.00 0.00 1.00 0.00 ]
Label_H_26, /images/H_perm/48b262b9dcf018535d969bdb96a6b1d5.jpg, [ 0.00 0.00 1.00 1.00 0.00 0.00 1.00 1.00 0.00 1.00 1.00 0.00 1.00 0.00 0.00 1.00 1.00 0.00 1.00 0.00 1.00 0.00 ]
Label_H_27, /images/H_pixie_cut/406c382b8cbc8a59a2b5df35351ec92b.jpg, [ 0.00 1.00 0.00 1.00 0.00 0.00 1.00 1.00 0.00 1.00 1.00 1.00 0.00 1.00 0.00 1.00 0.00 0.00 0.00 1.00 1.00 0.00 ]
Label_H_27, /images/H_pixie_cut/d75ba816309ab74355aed4e97bf4e882.jpg, [ 0.00 0.00 1.00 1.00 0.00 0.00 1.00 1.00 0.00 1.00 1.00 1.00 0.00 1.00 0.00 1.00 0.00 0.00 0.00 1.00 1.00 0.00 ]
Label_H_27, /images/H_pixie_cut/8da1d418e4c7c66d5d190374e021f194.jpg, [ 0.00 0.00 1.00 1.00 0.00 0.00 1.00 1.00 0.00 1.00 1.00 1.00 0.00 1.00 0.00 1.00 0.00 0.00 0.00 1.00 1.00 0.00 ]
Label_H_27, /images/H_pixie_cut/e7b85f4dc7da07ce4c590458072e1e04.jpg, [ 0.00 1.00 0.00 1.00 0.00 0.00 1.00 1.00 0.00 1.00 1.00 1.00 0.00 1.00 0.00 1.00 0.00 0.00 0.00 1.00 1.00 0.00 ]
Label_H_27, /images/H_pixie_cut/2604167fd31dd9bc0b755a2929c59d06.jpg, [ 0.00 0.00 1.00 1.00 0.00 0.00 1.00 1.00 0.00 1.00 1.00 1.00 0.00 1.00 0.00 1.00 0.00 0.00 0.00 1.00 1.00 0.00 ]
Label_H_27, /images/H_pixie_cut/95727ff107d5899691ff56318763b5e1.jpg, [ 0.00 1.00 0.00 1.00 0.00 0.00 1.00 1.00 0.00 1.00 1.00 1.00 0.00 1.00 0.00 1.00 0.00 0.00 0.00 1.00 1.00 0.00 ]
Label_H_27, /images/H_pixie_cut/86f386c3a7ab997e0c858aa7e6a6f790.jpg, [ 0.00 0.00 1.00 1.00 0.00 0.00 1.00 1.00 0.00 1.00 1.00 1.00 0.00 1.00 0.00 1.00 0.00 0.00 0.00 1.00 1.00 0.00 ]
Label_H_27, /images/H_pixie_cut/8065e60b68a0bb30d29dbbdaaaed43fa.jpg, [ 0.00 1.00 0.00 1.00 0.00 0.00 1.00 1.00 0.00 1.00 1.00 1.00 0.00 1.00 0.00 1.00 0.00 0.00 0.00 1.00 1.00 0.00 ]
Label_H_27, /images/H_pixie_cut/672334cb87e6d5ada6da9c7a84875458.jpg, [ 0.00 0.00 1.00 1.00 0.00 0.00 1.00 1.00 0.00 1.00 1.00 1.00 0.00 1.00 0.00 1.00 0.00 0.00 0.00 1.00 1.00 0.00 ]
Label_H_27, /images/H_pixie_cut/96d1ac85054f087eb7172f8d749a660f.jpg, [ 0.00 0.00 1.00 1.00 0.00 0.00 1.00 1.00 0.00 1.00 1.00 1.00 0.00 1.00 0.00 1.00 0.00 0.00 0.00 1.00 1.00 0.00 ]
Label_H_27, /images/H_pixie_cut/89723fef04020cfc683d8766c2699158.jpg, [ 0.00 0.00 1.00 1.00 0.00 0.00 1.00 1.00 0.00 1.00 1.00 1.00 0.00 1.00 0.00 1.00 0.00 0.00 0.00 1.00 1.00 0.00 ]
Label_H_27, /images/H_pixie_cut/52f11ba53c45b83e3671ae5618d3c2c9.jpg, [ 0.00 0.00 1.00 1.00 0.00 0.00 1.00 1.00 0.00 1.00 1.00 1.00 0.00 1.00 0.00 1.00 0.00 0.00 0.00 1.00 1.00 0.00 ]
Label_H_27, /images/H_pixie_cut/0136bc3cb8a4b6f048924bd8205eee32.jpg, [ 0.00 1.00 0.00 1.00 0.00 0.00 1.00 1.00 0.00 1.00 1.00 1.00 0.00 1.00 0.00 1.00 0.00 0.00 0.00 1.00 1.00 0.00 ]
Label_H_27, /images/H_pixie_cut/53858d5fa4cf0aeef5c804131ae85a79.jpg, [ 0.00 1.00 0.00 1.00 0.00 0.00 1.00 1.00 0.00 1.00 1.00 1.00 0.00 1.00 0.00 1.00 0.00 0.00 0.00 1.00 1.00 0.00 ]
Label_H_27, /images/H_pixie_cut/72afbfd078ab17fa13ac59b141f1d62d.jpg, [ 0.00 0.00 1.00 1.00 0.00 0.00 1.00 1.00 0.00 1.00 1.00 1.00 0.00 1.00 0.00 1.00 0.00 0.00 0.00 1.00 1.00 0.00 ]
Label_H_27, /images/H_pixie_cut/ab69de3807fabfc7ade49fa7dc245b8c.jpg, [ 0.00 1.00 0.00 1.00 0.00 0.00 1.00 1.00 0.00 1.00 1.00 1.00 0.00 1.00 0.00 1.00 0.00 0.00 0.00 1.00 1.00 0.00 ]
Label_H_27, /images/H_pixie_cut/78c6f143d017c2ab512c7dcf2c9882b1.jpg, [ 0.00 0.00 1.00 1.00 0.00 0.00 1.00 1.00 0.00 1.00 1.00 1.00 0.00 1.00 0.00 1.00 0.00 0.00 0.00 1.00 1.00 0.00 ]
Label_H_27, /images/H_pixie_cut/017fff7218b2072c9dd9495b32a94089.jpg, [ 0.00 0.00 1.00 1.00 0.00 0.00 1.00 1.00 0.00 1.00 1.00 1.00 0.00 1.00 0.00 1.00 0.00 0.00 0.00 1.00 1.00 0.00 ]
Label_H_27, /images/H_pixie_cut/42d1d9fc93ffec8eb61206ff577dfe1b.jpg, [ 0.00 0.00 1.00 1.00 0.00 0.00 1.00 1.00 0.00 1.00 1.00 1.00 0.00 1.00 0.00 1.00 0.00 0.00 0.00 1.00 1.00 0.00 ]
Label_H_27, /images/H_pixie_cut/d94afb50b9f64a7ac000e302215d9a54.jpg, [ 0.00 0.00 1.00 1.00 0.00 0.00 1.00 1.00 0.00 1.00 1.00 1.00 0.00 1.00 0.00 1.00 0.00 0.00 0.00 1.00 1.00 0.00 ]
Label_H_28, /images/H_ringlet/27cc236ab4fb97f7a605fa3e886e3d27.jpg, [ 0.00 0.00 1.00 1.00 0.00 0.00 1.00 1.00 0.00 1.00 1.00 1.00 1.00 0.00 1.00 0.00 1.00 1.00 1.00 0.00 1.00 0.00 ]
Label_H_28, /images/H_ringlet/1e1761bb41f84a5e3c20536fd48f908d.jpg, [ 0.00 1.00 0.00 1.00 0.00 0.00 1.00 1.00 0.00 1.00 1.00 1.00 1.00 0.00 1.00 0.00 1.00 1.00 1.00 0.00 1.00 0.00 ]
Label_H_28, /images/H_ringlet/e1863ad19d654d8f76ee702e9242fced.jpg, [ 0.00 1.00 0.00 1.00 0.00 0.00 1.00 1.00 0.00 1.00 1.00 1.00 1.00 0.00 1.00 0.00 1.00 1.00 1.00 0.00 1.00 0.00 ]
Label_H_28, /images/H_ringlet/357c109cba326c7e9d4ba8fb5de962c4.jpg, [ 0.00 1.00 0.00 1.00 0.00 0.00 1.00 1.00 0.00 1.00 1.00 1.00 1.00 0.00 1.00 0.00 1.00 1.00 1.00 0.00 1.00 0.00 ]
Label_H_28, /images/H_ringlet/93c3082b43dafadcc71545f1f7b925eb.jpg, [ 0.00 1.00 0.00 1.00 0.00 0.00 1.00 1.00 0.00 1.00 1.00 1.00 1.00 0.00 1.00 0.00 1.00 1.00 1.00 0.00 1.00 0.00 ]
Label_H_28, /images/H_ringlet/526afe4138f1ab1ea480efbc8a76d49a.jpg, [ 0.00 1.00 0.00 1.00 0.00 0.00 1.00 1.00 0.00 1.00 1.00 1.00 1.00 0.00 1.00 0.00 1.00 1.00 1.00 0.00 1.00 0.00 ]
Label_H_28, /images/H_ringlet/6f3026e02092a4b65ba59854d1a85126.jpg, [ 0.00 1.00 0.00 1.00 0.00 0.00 1.00 1.00 0.00 1.00 1.00 1.00 1.00 0.00 1.00 0.00 1.00 1.00 1.00 0.00 1.00 0.00 ]
Label_H_28, /images/H_ringlet/abffa277d828422dec4e3d37f4fd28a0.jpg, [ 0.00 1.00 0.00 1.00 0.00 0.00 1.00 1.00 0.00 1.00 1.00 1.00 1.00 0.00 1.00 0.00 1.00 1.00 1.00 0.00 1.00 0.00 ]
Label_H_28, /images/H_ringlet/c2cd8083aa84994ccecece9ca070e889.jpg, [ 0.00 0.00 0.00 1.00 0.00 0.00 1.00 1.00 0.00 1.00 1.00 1.00 1.00 0.00 1.00 0.00 1.00 1.00 1.00 0.00 1.00 0.00 ]
Label_H_28, /images/H_ringlet/c90b5444e040b7d3c0d5b249520c6f0c.jpg, [ 1.00 0.00 0.00 1.00 0.00 0.00 1.00 1.00 0.00 1.00 1.00 1.00 1.00 0.00 1.00 0.00 1.00 1.00 1.00 0.00 1.00 0.00 ]
Label_H_28, /images/H_ringlet/e0b2e8f4dcae054a1562579b5b401ad4.jpg, [ 0.00 1.00 0.00 1.00 0.00 0.00 1.00 1.00 0.00 1.00 1.00 1.00 1.00 0.00 1.00 0.00 1.00 1.00 1.00 0.00 1.00 0.00 ]
Label_H_28, /images/H_ringlet/0517138fe5ab08f850aed7dd6d573249.jpg, [ 0.00 0.00 0.00 1.00 0.00 0.00 1.00 1.00 0.00 1.00 1.00 1.00 1.00 0.00 1.00 0.00 1.00 1.00 1.00 0.00 1.00 0.00 ]
Label_H_28, /images/H_ringlet/d08de3d85658ece85d2be6a6c98463ca.jpg, [ 0.00 1.00 0.00 1.00 0.00 0.00 1.00 1.00 0.00 1.00 1.00 1.00 1.00 0.00 1.00 0.00 1.00 1.00 1.00 0.00 1.00 0.00 ]
Label_H_28, /images/H_ringlet/bffdd22fdf8eb03212cfaafa589f6ebf.jpg, [ 0.00 1.00 0.00 1.00 0.00 0.00 1.00 1.00 0.00 1.00 1.00 0.00 1.00 0.00 1.00 1.00 1.00 1.00 1.00 0.00 1.00 0.00 ]
Label_H_28, /images/H_ringlet/bab290c16fb8f1338a93cf0e25252294.jpg, [ 0.00 1.00 0.00 1.00 0.00 0.00 1.00 1.00 0.00 1.00 1.00 1.00 1.00 0.00 1.00 0.00 1.00 1.00 1.00 0.00 1.00 0.00 ]
Label_H_28, /images/H_ringlet/02e0e7097496656c9ce40b2332261de4.jpg, [ 0.00 0.00 1.00 1.00 0.00 0.00 1.00 1.00 0.00 1.00 1.00 1.00 1.00 0.00 1.00 0.00 1.00 1.00 1.00 0.00 1.00 0.00 ]
Label_H_28, /images/H_ringlet/2277799bb7b3879202d46e5248a73301.jpg, [ 1.00 0.00 0.00 1.00 0.00 0.00 1.00 1.00 0.00 1.00 1.00 1.00 1.00 0.00 1.00 0.00 1.00 1.00 1.00 0.00 1.00 0.00 ]
Label_H_28, /images/H_ringlet/fef7fc7076b688bef0455dea5b887af0.jpg, [ 0.00 1.00 0.00 1.00 0.00 0.00 1.00 1.00 0.00 1.00 1.00 1.00 1.00 0.00 1.00 0.00 1.00 1.00 1.00 0.00 1.00 0.00 ]
Label_H_28, /images/H_ringlet/ddb2566854f022c1300ed2f72cc2fa3e.jpg, [ 0.00 0.00 1.00 1.00 0.00 0.00 1.00 1.00 0.00 1.00 1.00 1.00 1.00 0.00 1.00 0.00 1.00 1.00 1.00 0.00 1.00 0.00 ]
Label_H_28, /images/H_ringlet/92d3dec781f073fa4aa4541eb58de2ee.jpg, [ 0.00 0.00 0.00 1.00 0.00 0.00 1.00 1.00 0.00 1.00 1.00 1.00 1.00 0.00 1.00 0.00 1.00 1.00 1.00 0.00 1.00 0.00 ]
Label_H_29, /images/H_undercut_slicked_back/2026ed7ba87504617f952dacecfc06e7.jpg, [ 0.00 1.00 0.00 1.00 1.00 1.00 1.00 1.00 0.00 0.00 0.00 0.00 0.00 1.00 1.00 0.00 1.00 1.00 0.00 1.00 1.00 0.00 ]
Label_H_29, /images/H_undercut_slicked_back/0c9fcda4d1931d796d55747ff543fb01.jpg, [ 1.00 0.00 0.00 1.00 1.00 1.00 1.00 1.00 0.00 0.00 0.00 0.00 0.00 1.00 1.00 0.00 1.00 1.00 0.00 1.00 1.00 0.00 ]
Label_H_29, /images/H_undercut_slicked_back/1397a1b590048305e1eca95aeb3ede8e.jpg, [ 0.00 1.00 0.00 1.00 1.00 1.00 1.00 1.00 0.00 0.00 0.00 0.00 0.00 1.00 1.00 0.00 1.00 1.00 0.00 1.00 1.00 0.00 ]
Label_H_29, /images/H_undercut_slicked_back/0c0fde30b91653ac6f3afd4814f5aedb.jpg, [ 0.00 1.00 0.00 1.00 1.00 1.00 1.00 1.00 0.00 0.00 0.00 0.00 0.00 1.00 1.00 0.00 1.00 1.00 0.00 1.00 1.00 0.00 ]
Label_H_29, /images/H_undercut_slicked_back/06db116920530df0ee6038d9b823fc1c.jpg, [ 0.00 1.00 0.00 1.00 1.00 1.00 1.00 1.00 0.00 0.00 0.00 0.00 0.00 1.00 1.00 0.00 1.00 1.00 0.00 1.00 1.00 0.00 ]
Label_H_29, /images/H_undercut_slicked_back/b33cb7dcb6dbc342421f05d05df5c9f0.jpg, [ 0.00 1.00 0.00 1.00 1.00 1.00 1.00 1.00 0.00 0.00 0.00 0.00 0.00 1.00 1.00 0.00 1.00 1.00 0.00 1.00 1.00 0.00 ]
Label_H_29, /images/H_undercut_slicked_back/09dede5c30873e38cc92055a6796a4e1.jpg, [ 0.00 1.00 0.00 1.00 1.00 1.00 1.00 1.00 0.00 0.00 0.00 0.00 0.00 1.00 1.00 0.00 1.00 1.00 0.00 1.00 1.00 0.00 ]
Label_H_29, /images/H_undercut_slicked_back/5ccf780a0cedcc117753a52e01ebaa0b.jpg, [ 0.00 1.00 0.00 1.00 1.00 1.00 1.00 1.00 0.00 0.00 0.00 0.00 0.00 1.00 1.00 0.00 1.00 1.00 0.00 1.00 1.00 0.00 ]
Label_H_29, /images/H_undercut_slicked_back/9286c07a7b21325e8076ab9f38b306c4.jpg, [ 0.00 1.00 0.00 1.00 1.00 1.00 1.00 1.00 0.00 0.00 0.00 0.00 0.00 1.00 1.00 0.00 1.00 1.00 0.00 1.00 1.00 0.00 ]
Label_H_29, /images/H_undercut_slicked_back/c67ac1416b9bb9818e1f7329fa6e2c30.jpg, [ 0.00 1.00 0.00 1.00 1.00 1.00 1.00 1.00 0.00 0.00 0.00 0.00 0.00 1.00 1.00 0.00 1.00 1.00 0.00 1.00 1.00 0.00 ]
Label_H_29, /images/H_undercut_slicked_back/337c7d9f706c9045299e056e8c63cbf2.jpg, [ 0.00 1.00 0.00 1.00 1.00 1.00 1.00 1.00 0.00 0.00 0.00 0.00 0.00 1.00 1.00 0.00 1.00 1.00 0.00 1.00 1.00 0.00 ]
Label_H_29, /images/H_undercut_slicked_back/b4809c05a4ebd7b285e6bee9718b315d.jpg, [ 0.00 1.00 0.00 1.00 1.00 1.00 1.00 1.00 0.00 0.00 0.00 0.00 0.00 1.00 1.00 0.00 1.00 1.00 0.00 1.00 1.00 0.00 ]
Label_H_29, /images/H_undercut_slicked_back/038b861cfd85ce27993e6777c0e66152.jpg, [ 0.00 0.00 1.00 1.00 1.00 1.00 1.00 1.00 0.00 0.00 0.00 0.00 0.00 1.00 1.00 0.00 1.00 1.00 0.00 1.00 1.00 0.00 ]
Label_H_29, /images/H_undercut_slicked_back/ed4d98b3b659ec7666f4917fed19a5fd.jpg, [ 1.00 0.00 0.00 1.00 1.00 1.00 1.00 1.00 0.00 0.00 0.00 0.00 0.00 1.00 1.00 0.00 1.00 1.00 0.00 1.00 1.00 0.00 ]
Label_H_29, /images/H_undercut_slicked_back/ef9fbdf4bcdbc6d0eb7de1310c2a3572.jpg, [ 0.00 1.00 0.00 1.00 1.00 1.00 1.00 1.00 0.00 0.00 0.00 0.00 0.00 1.00 1.00 0.00 1.00 1.00 0.00 1.00 1.00 0.00 ]
Label_H_29, /images/H_undercut_slicked_back/c0065176b1c5f54cdec86be5853c5425.jpg, [ 1.00 0.00 0.00 1.00 1.00 1.00 1.00 1.00 0.00 0.00 0.00 0.00 0.00 1.00 1.00 0.00 1.00 1.00 0.00 1.00 1.00 0.00 ]
Label_H_29, /images/H_undercut_slicked_back/0347b078eab4b14749bccb133a887dfc.jpg, [ 0.00 0.00 1.00 1.00 1.00 1.00 1.00 1.00 0.00 0.00 0.00 0.00 0.00 1.00 1.00 0.00 1.00 1.00 0.00 1.00 1.00 0.00 ]
Label_H_29, /images/H_undercut_slicked_back/fedf0f13315c6a3264c7a87abc6321ce.jpg, [ 0.00 1.00 0.00 1.00 1.00 1.00 1.00 1.00 0.00 0.00 0.00 0.00 0.00 1.00 1.00 0.00 1.00 1.00 0.00 1.00 1.00 0.00 ]
Label_H_29, /images/H_undercut_slicked_back/15ac32fd43d37992cf362ba637722e0f.jpg, [ 1.00 0.00 0.00 1.00 1.00 1.00 1.00 1.00 0.00 0.00 0.00 0.00 0.00 1.00 1.00 0.00 1.00 1.00 0.00 1.00 1.00 0.00 ]
Label_H_29, /images/H_undercut_slicked_back/fefd614b665da7ff640aaa8166eada6d.jpg, [ 0.00 1.00 0.00 1.00 1.00 1.00 1.00 1.00 0.00 0.00 0.00 0.00 0.00 1.00 1.00 0.00 1.00 1.00 0.00 1.00 1.00 0.00 ]
Label_H_30, /images/H_wave_hair/e1e3d8807b18f134d0d08d03ae5c1088.jpg, [ 0.00 1.00 0.00 1.00 0.00 0.00 1.00 1.00 0.00 1.00 1.00 1.00 1.00 0.00 1.00 0.00 1.00 1.00 0.00 0.00 1.00 0.00 ]
Label_H_30, /images/H_wave_hair/642971dd4873637d681caed9748fdfa3.jpg, [ 0.00 1.00 0.00 1.00 0.00 0.00 1.00 1.00 0.00 1.00 1.00 1.00 1.00 0.00 1.00 0.00 1.00 1.00 0.00 0.00 1.00 0.00 ]
Label_H_30, /images/H_wave_hair/85e31a1ff6d1ddccdafae4803017c9ad.jpg, [ 0.00 1.00 0.00 1.00 0.00 0.00 1.00 1.00 0.00 1.00 1.00 1.00 1.00 0.00 1.00 0.00 1.00 1.00 0.00 0.00 1.00 0.00 ]
Label_H_30, /images/H_wave_hair/5e2e41241995d0fee5ffb791d8fd9db8.jpg, [ 0.00 1.00 0.00 1.00 0.00 0.00 1.00 1.00 0.00 1.00 1.00 1.00 1.00 0.00 1.00 0.00 1.00 1.00 0.00 0.00 1.00 0.00 ]
Label_H_30, /images/H_wave_hair/82ac659f3644bc641dcda4f62001bd58.jpg, [ 0.00 1.00 0.00 1.00 0.00 0.00 1.00 1.00 0.00 1.00 1.00 1.00 1.00 0.00 1.00 0.00 1.00 1.00 0.00 0.00 1.00 0.00 ]
Label_H_30, /images/H_wave_hair/93ccef3d1c0c4057eec785bad75e67dd.jpg, [ 0.00 1.00 0.00 1.00 0.00 0.00 1.00 1.00 0.00 1.00 1.00 1.00 1.00 0.00 1.00 0.00 1.00 1.00 0.00 0.00 1.00 0.00 ]
Label_H_30, /images/H_wave_hair/71b437f9dac7860be94db5a4e6d137d2.jpg, [ 0.00 0.00 1.00 1.00 0.00 0.00 1.00 1.00 0.00 1.00 1.00 1.00 1.00 0.00 1.00 0.00 1.00 1.00 0.00 0.00 1.00 0.00 ]
Label_H_30, /images/H_wave_hair/7ba8fffb18632bf493cc20d5358a50df.jpg, [ 0.00 0.00 1.00 1.00 0.00 0.00 1.00 1.00 0.00 1.00 1.00 1.00 1.00 0.00 1.00 0.00 1.00 1.00 0.00 0.00 1.00 0.00 ]
Label_H_30, /images/H_wave_hair/89f716564a8b7d19d33f8258006080db.jpg, [ 0.00 0.00 1.00 1.00 0.00 0.00 1.00 1.00 0.00 1.00 1.00 1.00 1.00 0.00 1.00 0.00 1.00 1.00 0.00 0.00 1.00 0.00 ]
Label_H_30, /images/H_wave_hair/41480cdc9148f61e84f8155d1bdfecb5.jpg, [ 0.00 0.00 1.00 1.00 0.00 0.00 1.00 1.00 0.00 1.00 1.00 1.00 1.00 0.00 1.00 0.00 1.00 1.00 0.00 0.00 1.00 0.00 ]
Label_H_30, /images/H_wave_hair/15c86da918950656faf06873e818d3e4.jpg, [ 0.00 0.00 1.00 1.00 0.00 0.00 1.00 1.00 0.00 1.00 1.00 1.00 1.00 0.00 1.00 0.00 1.00 1.00 0.00 0.00 1.00 0.00 ]
Label_H_30, /images/H_wave_hair/539de5ef7d3a319a12517785b3e60941.jpg, [ 0.00 0.00 1.00 1.00 0.00 0.00 1.00 1.00 0.00 1.00 1.00 1.00 1.00 0.00 1.00 0.00 1.00 1.00 0.00 0.00 1.00 0.00 ]
Label_H_30, /images/H_wave_hair/c4a3ca65ed63d8e7b06154face28f025.jpg, [ 0.00 0.00 1.00 1.00 0.00 0.00 1.00 1.00 0.00 1.00 1.00 1.00 1.00 0.00 1.00 0.00 1.00 1.00 0.00 0.00 1.00 0.00 ]
Label_H_30, /images/H_wave_hair/0886c184e33b201ca71a564cf6e3539a.jpg, [ 0.00 0.00 1.00 1.00 0.00 0.00 1.00 1.00 0.00 1.00 1.00 1.00 1.00 0.00 1.00 0.00 1.00 1.00 0.00 0.00 1.00 0.00 ]
Label_H_30, /images/H_wave_hair/f53e187434585562905b9d49ee76c5c6.jpg, [ 0.00 0.00 1.00 1.00 0.00 0.00 1.00 1.00 0.00 1.00 1.00 1.00 1.00 0.00 1.00 0.00 1.00 1.00 0.00 0.00 1.00 0.00 ]
Label_H_30, /images/H_wave_hair/0eabf517c6a88f98ff1cdd72ae861e2b.jpg, [ 0.00 0.00 1.00 1.00 0.00 0.00 1.00 1.00 0.00 1.00 1.00 1.00 1.00 0.00 1.00 0.00 1.00 1.00 0.00 0.00 1.00 0.00 ]
Label_H_30, /images/H_wave_hair/951503dde920ba89bca38fa5ac4a96c8.jpg, [ 0.00 0.00 1.00 1.00 0.00 0.00 1.00 1.00 0.00 1.00 1.00 1.00 1.00 0.00 1.00 0.00 1.00 1.00 0.00 0.00 1.00 0.00 ]
Label_H_30, /images/H_wave_hair/b484f00f87397d6e98853bb720599223.jpg, [ 0.00 0.00 1.00 1.00 0.00 0.00 1.00 1.00 0.00 1.00 1.00 1.00 1.00 0.00 1.00 0.00 1.00 1.00 0.00 0.00 1.00 0.00 ]
Label_H_30, /images/H_wave_hair/375671556b5c3c9f9d50ffe2632ba9ea.jpg, [ 0.00 0.00 1.00 1.00 0.00 0.00 1.00 1.00 0.00 1.00 1.00 1.00 1.00 0.00 1.00 0.00 1.00 1.00 0.00 0.00 1.00 0.00 ]
Label_H_30, /images/H_wave_hair/a733ce86f8673df37ea7c78fe844413e.jpg, [ 0.00 0.00 1.00 1.00 0.00 0.00 1.00 1.00 0.00 1.00 1.00 1.00 1.00 0.00 1.00 0.00 1.00 1.00 0.00 0.00 1.00 0.00 ]
