Label_E_01, [ 0.85 0.30 0.15 0.00 0.00 0.40 0.00 0.00 0.00 0.00 0.00 0.00 0.00 1.00 0.90 0.00 0.00 0.00 1.00 0.00 1.00 1.00 0.00 0.00 1.00 0.00 1.00 1.00 0.00 1.00 1.00 1.00 1.00 1.00 0.00 1.00 1.00 1.00 1.00 1.00 0.00 0.00 1.00 1.00 1.00 1.00 1.00 1.00 1.00 1.00 1.00 1.00 1.00 1.00 1.00 1.00 1.00 1.00 0.00 1.00 1.00 0.00 1.00 1.00 1.00 0.00 1.00 1.00 0.00 0.00 1.00 0.00 0.00 0.00 1.00 ]
Label_E_02, [ 0.90 0.00 0.20 0.05 0.00 0.60 0.00 0.05 0.00 0.05 0.05 0.00 0.00 1.00 1.00 0.10 0.00 0.00 0.90 0.00 1.00 0.00 0.00 0.00 0.00 0.00 0.10 0.10 0.00 0.00 0.00 1.00 0.10 0.00 0.00 1.00 0.00 1.00 1.00 0.00 0.00 0.00 0.00 0.00 0.00 0.00 0.00 1.00 0.00 0.00 1.00 1.00 1.00 0.00 1.00 1.00 1.00 1.00 0.00 1.00 1.00 0.00 1.00 1.00 1.00 0.00 1.00 1.00 0.00 0.00 1.00 0.00 0.00 0.00 1.00 ]
Label_E_03, [ 0.80 0.20 0.15 0.15 0.20 0.30 0.00 0.10 0.00 0.00 0.00 0.00 0.00 1.00 0.00 0.00 0.00 0.00 1.00 0.00 0.00 0.00 0.00 0.00 0.00 1.00 0.00 0.00 0.00 0.00 0.00 1.00 0.00 0.70 0.00 0.00 0.00 1.00 0.15 0.00 0.00 0.00 0.00 0.00 0.00 0.00 0.00 0.00 0.00 0.00 0.00 1.00 1.00 0.00 1.00 1.00 1.00 0.00 0.00 1.00 1.00 0.00 1.00 1.00 0.00 0.00 1.00 1.00 0.00 1.00 0.00 0.00 0.00 0.00 1.00 ]
Label_E_04, [ 0.80 0.10 0.00 0.00 0.10 0.70 0.00 0.10 0.00 0.00 0.00 0.00 0.70 0.30 0.00 0.00 0.00 0.00 0.00 0.60 0.00 0.60 0.00 0.00 0.00 0.00 0.00 0.00 0.00 1.00 1.00 1.00 0.00 0.00 0.00 0.00 0.00 1.00 0.60 0.60 0.00 0.00 0.00 0.00 0.00 1.00 0.00 0.60 1.00 0.00 1.00 1.00 1.00 0.00 1.00 1.00 1.00 0.00 0.00 1.00 1.00 0.00 1.00 1.00 1.00 0.00 1.00 1.00 0.00 0.00 1.00 1.00 0.00 0.00 1.00 ]
Label_E_05, [ 0.20 0.95 0.00 0.05 0.20 0.20 0.00 0.00 0.00 0.00 0.15 0.00 0.00 1.00 0.20 0.00 0.00 0.00 0.00 0.00 0.00 0.20 0.00 0.00 0.00 0.00 0.00 0.00 0.00 0.70 0.00 0.65 0.00 0.00 0.00 0.00 0.00 0.00 0.00 0.20 0.00 0.00 0.00 0.00 0.00 0.00 0.00 0.00 0.00 0.00 0.00 0.00 1.00 0.00 1.00 1.00 1.00 0.00 0.00 1.00 1.00 0.00 1.00 1.00 1.00 0.20 0.70 0.95 1.00 0.00 0.00 0.00 0.00 0.00 0.00 ]
Label_E_06, [ 0.75 0.00 0.30 0.00 0.05 0.80 0.00 0.00 0.00 0.00 0.10 0.00 0.00 1.00 1.00 0.40 0.00 0.00 0.60 0.00 1.00 1.00 0.00 0.00 0.00 0.60 0.40 0.60 0.00 0.00 0.00 1.00 0.60 1.00 0.00 1.00 0.00 1.00 1.00 1.00 0.00 0.00 1.00 0.00 0.00 0.00 1.00 1.00 0.00 0.00 1.00 1.00 1.00 0.00 1.00 0.00 1.00 0.00 0.00 1.00 1.00 0.00 1.00 1.00 1.00 0.00 1.00 1.00 0.00 0.00 1.00 0.00 0.00 0.00 1.00 ]
Label_E_07, [ 0.35 0.15 0.40 0.00 0.00 0.60 0.00 0.10 0.00 0.05 0.05 1.00 0.00 0.00 0.00 0.00 0.00 0.00 0.00 0.70 0.00 1.00 0.00 0.00 0.00 0.00 0.00 0.00 0.00 1.00 0.10 1.00 1.00 1.00 0.00 0.00 0.00 1.00 1.00 1.00 0.00 0.00 0.00 0.00 0.00 0.00 1.00 0.00 1.00 0.00 1.00 1.00 1.00 0.00 1.00 0.00 1.00 0.00 0.00 1.00 1.00 0.00 1.00 1.00 1.00 0.00 1.00 1.00 0.00 0.00 1.00 1.00 0.00 0.00 1.00 ]
Label_E_08, [ 0.55 0.50 0.00 0.00 0.00 0.65 0.00 0.00 0.00 0.00 0.00 0.15 0.20 0.65 0.00 0.00 0.00 0.00 1.00 0.05 0.00 0.00 0.00 0.00 0.00 0.00 0.00 0.00 0.00 1.00 0.00 1.00 0.00 0.95 0.00 0.00 0.00 0.15 0.15 0.00 0.00 0.00 1.00 0.00 0.00 0.00 0.00 0.00 0.00 0.00 0.05 0.00 0.00 0.00 1.00 0.00 0.00 0.00 0.00 1.00 1.00 0.00 1.00 1.00 0.00 0.00 1.00 1.00 0.00 0.00 1.00 1.00 0.00 0.00 1.00 ]
Label_E_09, [ 0.45 0.55 0.00 0.00 0.00 0.05 0.00 0.00 0.00 0.00 0.00 1.00 0.00 0.00 0.00 0.00 0.00 0.00 0.00 0.00 0.00 0.00 0.00 0.00 0.00 1.00 0.00 0.00 0.00 0.00 0.00 0.00 0.00 0.00 0.00 1.00 0.00 0.15 0.00 0.00 0.00 0.00 0.00 0.00 0.00 0.00 0.00 0.00 0.00 0.00 0.00 0.00 1.00 0.00 1.00 1.00 0.00 0.00 0.00 1.00 1.00 0.00 1.00 1.00 0.00 0.00 1.00 1.00 0.00 0.00 1.00 0.00 0.00 0.00 1.00 ]
Label_E_10, [ 0.35 0.45 0.00 0.05 0.00 0.05 0.00 0.05 0.05 0.00 0.05 1.00 0.00 0.00 0.00 0.00 0.00 0.00 0.00 0.00 0.00 0.00 0.00 0.00 0.00 1.00 0.00 0.00 0.00 0.00 0.00 0.00 0.00 0.00 0.00 0.00 0.00 0.00 0.00 0.00 0.00 0.00 0.00 0.00 0.00 0.00 0.00 0.00 0.00 0.00 0.00 0.00 1.00 0.00 1.00 1.00 1.00 0.00 0.00 1.00 1.00 1.00 1.00 1.00 0.00 0.00 1.00 1.00 0.00 0.00 1.00 1.00 0.00 0.00 0.00 ]
Label_E_11, [ 0.45 0.35 0.00 0.00 0.05 0.10 0.00 0.00 0.00 0.05 0.00 0.05 0.00 1.00 0.00 0.00 0.00 0.00 0.00 0.80 0.00 1.00 0.00 0.00 0.00 0.00 0.00 0.00 0.00 0.70 0.15 1.00 0.00 0.75 0.05 0.00 0.00 0.75 0.75 1.00 0.00 0.00 1.00 1.00 1.00 0.00 1.00 0.00 0.00 0.00 0.75 0.00 1.00 1.00 1.00 1.00 1.00 0.95 0.00 1.00 1.00 0.00 1.00 1.00 0.00 0.00 1.00 1.00 0.00 0.00 0.00 0.00 0.00 0.00 1.00 ]
Label_E_12, [ 1.00 0.00 0.00 0.05 0.00 0.30 0.05 0.00 0.05 0.05 0.00 0.00 1.00 0.00 0.00 0.00 0.00 0.00 0.00 0.35 0.00 1.00 0.00 0.00 0.00 0.00 0.00 0.00 0.00 1.00 0.00 1.00 1.00 1.00 1.00 0.00 0.00 1.00 0.00 1.00 0.00 0.00 1.00 1.00 0.00 0.00 1.00 0.00 0.00 0.00 0.35 0.00 1.00 1.00 1.00 1.00 1.00 1.00 0.00 1.00 1.00 0.00 1.00 1.00 0.00 0.00 1.00 1.00 0.00 1.00 0.00 1.00 0.00 0.00 1.00 ]
Label_E_13, [ 0.90 0.50 0.00 0.10 0.00 0.50 0.05 0.10 0.00 0.15 0.15 1.00 0.00 0.00 0.00 0.00 0.00 1.00 1.00 0.00 0.00 0.00 0.00 0.00 0.00 0.00 0.00 0.00 0.00 0.00 0.00 0.00 0.00 0.00 0.00 0.00 0.00 0.00 0.00 0.00 0.00 1.00 0.00 0.00 0.00 0.00 0.00 0.00 1.00 0.00 0.00 0.00 1.00 0.00 1.00 1.00 1.00 0.00 0.00 1.00 1.00 0.00 1.00 1.00 0.00 0.00 1.00 0.20 1.00 0.00 1.00 0.00 0.00 0.00 1.00 ]
Label_E_14, [ 1.00 0.00 0.00 0.00 0.00 0.15 0.00 0.00 0.00 0.00 0.00 0.05 0.00 0.95 0.20 0.00 1.00 0.00 0.00 0.00 0.00 0.00 0.00 0.00 0.00 0.00 0.00 0.00 0.00 0.00 1.00 1.00 0.00 0.00 0.00 0.00 0.00 1.00 0.00 0.00 0.00 0.00 0.00 0.00 0.00 0.00 0.00 0.00 0.00 0.00 0.00 0.00 1.00 0.00 1.00 1.00 1.00 0.00 0.00 1.00 1.00 0.00 1.00 1.00 1.00 0.00 1.00 1.00 0.00 0.00 1.00 1.00 0.00 0.00 0.00 ]
Label_E_15, [ 0.70 0.25 0.10 0.00 0.00 0.25 0.05 0.00 0.00 0.05 0.00 1.00 0.00 0.00 0.00 0.00 0.00 1.00 1.00 0.00 0.00 0.00 0.00 0.00 0.00 0.00 0.00 0.00 0.00 1.00 0.00 0.00 0.00 0.00 0.00 0.00 0.00 0.00 0.00 0.00 0.00 0.00 0.00 0.00 0.00 0.00 0.00 0.00 0.00 0.00 0.00 0.00 1.00 0.00 1.00 0.00 1.00 0.00 0.00 1.00 0.00 1.00 1.00 1.00 0.00 0.00 1.00 1.00 1.00 0.00 1.00 0.00 0.00 0.00 1.00 ]
Label_E_16, [ 0.90 0.05 0.00 0.00 0.00 0.15 0.00 0.00 0.00 0.00 0.35 0.00 0.00 1.00 0.00 0.00 0.00 0.00 0.05 0.00 0.00 0.00 0.00 0.00 0.00 0.00 0.00 0.00 0.00 1.00 0.00 0.00 0.00 0.00 0.00 0.00 0.00 0.00 0.00 0.00 0.00 0.00 0.00 0.00 0.00 0.00 0.00 0.00 0.00 0.00 0.00 0.00 1.00 0.00 1.00 1.00 0.00 0.00 0.00 1.00 1.00 0.00 1.00 1.00 0.00 0.00 1.00 1.00 0.00 0.00 1.00 0.00 0.00 0.00 1.00 ]
Label_E_17, [ 0.65 0.50 0.00 0.00 0.00 0.05 0.00 0.00 0.00 0.00 0.00 1.00 0.00 0.00 0.00 0.30 0.00 0.00 0.00 0.00 0.00 0.00 0.00 0.00 0.00 0.60 0.00 0.00 0.00 0.00 0.00 0.00 0.00 0.00 0.00 1.00 0.00 0.00 0.00 0.00 0.00 0.00 0.00 0.00 0.00 0.00 0.00 0.00 0.00 0.00 0.00 0.00 1.00 0.00 1.00 1.00 0.00 0.00 0.00 1.00 1.00 0.00 1.00 1.00 0.00 0.00 1.00 1.00 0.00 0.00 1.00 1.00 0.00 0.00 1.00 ]
Label_E_18, [ 1.00 0.30 0.05 0.00 0.00 0.00 0.00 0.00 0.00 0.00 0.00 0.00 0.00 1.00 0.00 0.00 0.00 0.00 0.00 0.00 0.00 0.00 0.00 0.00 0.00 0.00 0.00 0.00 0.00 0.00 0.00 0.00 0.00 0.00 0.00 1.00 0.00 0.00 0.00 0.00 0.00 0.00 0.00 0.00 0.00 0.00 0.00 0.00 0.00 0.00 0.00 0.00 1.00 0.00 1.00 1.00 0.00 0.00 0.00 1.00 1.00 0.00 1.00 1.00 0.00 0.00 1.00 1.00 0.00 0.00 1.00 0.00 0.00 0.00 1.00 ]
Label_E_19, [ 0.60 0.45 0.10 0.00 0.00 0.95 0.00 0.00 0.00 0.10 0.00 0.00 0.00 1.00 0.00 0.00 0.00 0.00 1.00 0.00 0.00 0.00 0.00 1.00 0.00 0.15 0.00 0.00 0.00 0.00 0.00 0.00 0.00 0.00 0.00 0.00 0.00 1.00 0.00 0.00 0.00 0.00 0.00 0.00 0.00 0.00 0.00 0.00 1.00 0.00 0.00 0.00 1.00 0.00 1.00 1.00 1.00 1.00 0.00 1.00 1.00 0.00 1.00 1.00 0.00 0.00 1.00 0.15 0.85 1.00 1.00 0.00 0.00 0.00 1.00 ]
Label_E_20, [ 0.75 0.65 0.10 0.00 0.00 0.45 0.00 0.00 0.05 0.00 0.00 0.30 0.00 0.70 0.70 0.00 0.00 0.00 0.00 0.00 0.00 0.05 0.00 0.00 0.00 1.00 0.00 0.00 0.00 0.00 0.00 0.00 0.00 0.00 0.00 0.00 0.00 1.00 1.00 0.05 0.00 0.00 0.00 0.00 0.00 1.00 0.00 0.00 0.00 0.00 0.00 1.00 1.00 1.00 1.00 1.00 1.00 1.00 0.00 1.00 1.00 0.00 1.00 1.00 1.00 0.00 1.00 1.00 0.75 0.00 1.00 0.00 0.00 0.00 1.00 ]
Label_E_21, [ 1.00 0.00 0.00 0.00 0.20 0.95 0.00 0.00 0.00 0.00 0.05 0.00 0.00 1.00 1.00 0.60 0.05 0.00 0.00 0.10 0.00 1.00 0.00 0.00 0.00 0.00 0.00 0.00 0.00 0.05 0.00 0.40 0.05 0.40 0.00 1.00 0.00 0.10 0.10 1.00 0.00 0.00 0.00 0.00 0.00 0.00 1.00 0.00 0.00 0.00 0.10 1.00 1.00 0.00 1.00 1.00 1.00 0.00 0.00 1.00 1.00 0.00 1.00 1.00 0.00 0.00 1.00 1.00 0.00 0.00 0.00 0.00 0.00 0.00 1.00 ]
Label_E_22, [ 0.55 0.15 0.10 0.10 0.00 0.20 0.00 0.20 0.00 0.00 0.00 0.60 0.00 0.40 0.00 0.00 0.00 0.00 0.00 0.00 0.00 1.00 0.00 0.00 0.00 0.00 0.00 0.00 0.00 0.00 0.00 0.15 1.00 0.15 0.00 0.00 0.00 0.00 0.00 1.00 0.00 0.00 0.00 0.00 0.00 0.00 1.00 0.00 0.00 0.00 0.00 1.00 1.00 1.00 1.00 1.00 1.00 0.00 0.00 1.00 1.00 0.00 1.00 1.00 0.00 0.00 1.00 1.00 0.00 0.00 0.00 0.00 0.40 0.00 1.00 ]
Label_E_23, [ 0.85 0.20 0.00 0.00 0.05 0.25 0.00 0.05 0.00 0.00 0.05 0.95 0.00 0.05 0.00 0.00 0.00 0.00 0.00 0.05 0.00 1.00 0.00 0.00 0.00 0.00 0.00 0.00 0.00 1.00 0.00 0.95 0.05 1.00 0.00 0.00 0.00 1.00 0.95 1.00 0.00 0.00 1.00 1.00 0.00 0.00 0.30 0.00 0.00 0.00 0.05 1.00 1.00 1.00 1.00 1.00 1.00 0.00 0.00 1.00 1.00 0.00 1.00 1.00 0.00 0.00 1.00 1.00 0.00 0.00 1.00 0.00 0.05 0.00 1.00 ]
Label_E_24, [ 0.60 0.60 0.10 0.00 0.00 0.85 0.00 0.00 0.00 0.05 0.00 0.00 0.00 1.00 1.00 1.00 0.00 0.00 0.00 0.30 0.00 0.00 0.00 1.00 1.00 1.00 0.00 1.00 0.00 0.00 0.00 1.00 0.00 0.00 0.00 1.00 0.00 1.00 0.00 0.00 0.00 0.00 0.00 0.00 0.00 0.00 0.00 0.00 0.00 0.00 0.00 0.00 1.00 0.00 1.00 1.00 1.00 0.00 0.00 1.00 1.00 0.00 1.00 1.00 0.00 0.00 1.00 1.00 0.00 1.00 0.00 0.00 0.00 0.00 1.00 ]
Label_E_25, [ 0.75 0.40 0.00 0.00 0.05 0.65 0.00 0.00 0.00 0.00 0.00 0.00 0.00 1.00 1.00 0.05 0.00 0.00 0.00 0.00 0.00 0.05 0.00 1.00 1.00 0.05 0.05 0.10 0.00 0.00 0.00 1.00 0.10 0.05 0.00 1.00 0.00 0.00 1.00 0.05 0.00 0.00 0.00 0.00 0.00 0.00 0.05 1.00 0.00 0.00 1.00 1.00 1.00 0.00 1.00 1.00 1.00 0.00 0.00 1.00 1.00 0.00 1.00 1.00 1.00 0.00 1.00 1.00 0.00 0.00 1.00 0.00 0.00 0.00 1.00 ]
Label_E_26, [ 0.50 0.65 0.20 0.00 0.00 0.20 0.05 0.00 0.00 0.00 0.00 0.00 0.00 1.00 0.00 0.00 0.00 0.00 1.00 0.05 0.00 0.00 0.00 0.00 0.00 0.00 0.00 0.00 1.00 0.00 0.00 1.00 0.00 0.00 0.70 1.00 0.00 1.00 1.00 0.00 0.00 0.00 1.00 1.00 0.00 0.00 0.00 0.00 0.00 0.00 0.00 0.00 1.00 1.00 1.00 1.00 1.00 1.00 0.00 1.00 0.00 0.00 1.00 1.00 0.00 0.00 1.00 1.00 0.00 0.00 1.00 0.00 0.00 0.00 1.00 ]
Label_E_27, [ 0.30 0.00 0.05 0.00 0.00 1.00 0.00 0.00 0.00 0.90 0.25 1.00 0.00 0.00 0.00 0.00 0.00 1.00 1.00 0.00 0.00 0.00 0.00 0.00 0.00 0.00 0.00 0.00 0.00 0.00 0.00 0.00 0.00 0.00 0.00 0.00 0.00 0.00 0.00 0.00 0.00 1.00 0.00 0.00 0.00 0.00 0.00 0.00 1.00 0.00 0.00 0.00 1.00 0.00 1.00 1.00 1.00 0.00 0.00 1.00 1.00 0.00 1.00 1.00 0.00 0.00 1.00 1.00 1.00 0.00 1.00 0.00 0.00 0.00 1.00 ]
Label_E_28, [ 0.85 0.10 0.15 0.00 0.00 0.85 0.00 0.00 0.00 0.00 0.00 0.00 0.00 1.00 1.00 0.15 0.00 0.00 0.85 0.00 0.00 0.00 0.00 0.00 0.00 0.00 0.00 0.00 1.00 0.00 0.00 1.00 0.00 0.00 0.05 1.00 0.00 1.00 1.00 0.00 0.00 0.00 1.00 1.00 1.00 0.00 0.00 0.00 0.00 0.00 0.00 0.00 1.00 1.00 1.00 1.00 1.00 1.00 0.00 1.00 0.00 0.00 1.00 1.00 0.00 0.00 1.00 1.00 0.00 0.00 1.00 0.00 0.00 0.00 1.00 ]
Label_E_29, [ 0.05 0.50 0.10 0.00 0.00 0.65 0.00 0.05 0.00 0.00 0.05 0.00 0.00 1.00 1.00 1.00 0.00 0.00 0.00 0.20 0.00 0.00 0.00 1.00 0.00 0.00 0.00 0.00 0.00 0.00 0.00 1.00 0.00 0.00 0.00 1.00 0.00 1.00 1.00 0.00 1.00 0.00 0.00 0.00 0.00 0.00 0.00 0.00 0.00 0.00 0.20 0.00 1.00 0.00 1.00 0.00 1.00 0.00 0.00 1.00 1.00 0.00 1.00 1.00 0.20 0.00 1.00 0.00 0.00 0.00 1.00 0.00 0.00 1.00 0.00 ]
Label_E_30, [ 0.05 0.60 0.20 0.00 0.00 0.50 0.00 0.05 0.00 0.00 0.00 0.00 0.00 1.00 1.00 0.90 0.10 0.00 0.00 0.50 0.00 0.00 0.00 1.00 0.00 0.00 0.00 0.00 0.00 0.00 0.00 1.00 0.00 0.00 0.00 1.00 0.00 1.00 1.00 0.00 0.00 0.00 0.00 0.00 0.00 0.00 0.00 0.00 0.00 0.00 0.45 0.00 1.00 0.00 1.00 0.00 1.00 0.00 1.00 1.00 1.00 0.00 1.00 1.00 0.00 0.00 1.00 0.00 0.00 1.00 0.00 0.00 0.00 1.00 0.00 ]
Label_E_31, [ 0.10 0.70 0.00 0.00 0.10 1.00 0.00 0.15 0.00 0.00 0.00 0.00 0.00 1.00 1.00 0.95 0.05 0.00 0.00 0.95 0.00 1.00 0.00 1.00 1.00 0.00 0.00 0.00 0.00 0.00 0.00 1.00 0.00 0.00 0.00 1.00 0.00 1.00 0.95 0.00 1.00 1.00 0.00 0.00 0.00 0.00 0.00 0.00 0.00 0.00 1.00 0.00 1.00 0.00 1.00 1.00 1.00 0.00 0.00 1.00 1.00 0.00 1.00 1.00 0.00 0.00 1.00 0.00 1.00 1.00 0.00 0.00 0.00 1.00 0.00 ]
Label_E_32, [ 1.00 0.50 0.00 0.00 0.00 0.25 0.00 0.10 0.00 0.00 0.05 0.00 0.00 1.00 1.00 1.00 0.00 0.00 0.00 0.45 0.00 1.00 0.00 1.00 1.00 0.00 0.00 0.00 0.00 0.00 0.00 1.00 0.00 0.00 0.00 1.00 0.00 1.00 1.00 1.00 0.00 1.00 0.00 0.00 0.00 0.00 0.00 0.00 0.00 0.00 0.45 0.00 1.00 0.00 1.00 0.00 1.00 0.00 0.00 1.00 1.00 0.00 1.00 1.00 1.00 0.00 1.00 1.00 0.00 1.00 0.00 0.00 0.00 1.00 0.00 ]
Label_E_33, [ 0.95 0.00 0.00 0.00 0.05 0.15 0.00 0.00 0.00 0.05 0.15 0.00 0.00 1.00 1.00 0.00 0.00 0.00 1.00 0.85 0.00 0.90 0.00 1.00 1.00 0.00 0.00 0.00 0.00 0.00 0.00 1.00 0.00 0.00 0.00 1.00 0.00 0.90 0.90 0.90 0.00 1.00 0.00 0.00 0.00 0.00 0.00 0.00 0.00 0.00 0.90 0.00 1.00 0.00 1.00 0.00 1.00 0.00 0.00 1.00 0.00 1.00 1.00 1.00 1.00 0.00 1.00 1.00 0.00 1.00 0.00 0.00 0.00 1.00 0.00 ]
Label_E_34, [ 0.05 0.25 0.00 0.00 0.00 1.00 0.00 0.00 0.00 0.05 0.15 0.00 0.00 1.00 1.00 1.00 0.00 0.00 0.00 0.00 0.00 0.00 0.00 1.00 1.00 0.00 0.00 0.00 0.00 0.00 0.00 0.00 0.00 0.00 0.00 1.00 0.00 0.00 1.00 0.00 0.00 1.00 0.00 0.00 0.00 0.00 0.00 0.00 0.00 0.00 0.00 0.00 1.00 0.00 1.00 0.00 1.00 0.00 0.00 1.00 1.00 0.00 1.00 1.00 1.00 0.00 1.00 0.00 1.00 0.00 1.00 0.00 0.00 1.00 0.00 ]
Label_E_35, [ 0.40 0.35 0.00 0.05 0.50 0.45 0.00 0.00 0.00 0.00 0.50 0.00 0.00 1.00 0.50 0.00 0.00 0.00 0.00 0.00 0.00 0.00 0.00 0.00 0.00 0.00 0.00 0.00 0.00 0.00 0.00 0.15 0.00 0.00 0.00 1.00 0.00 0.00 1.00 0.00 0.00 0.00 0.00 0.00 0.00 0.00 0.00 0.00 0.00 0.00 0.00 0.00 1.00 0.00 1.00 1.00 1.00 0.00 0.00 1.00 1.00 0.00 1.00 1.00 1.00 0.00 1.00 1.00 0.00 0.00 1.00 0.00 0.00 0.00 1.00 ]
Label_E_36, [ 0.30 0.05 0.00 0.00 0.05 0.10 0.00 0.10 0.00 0.10 0.05 1.00 0.00 0.00 0.00 0.00 0.00 0.00 0.85 0.00 0.00 0.00 0.00 0.00 0.00 1.00 0.00 0.00 0.00 0.00 0.00 0.00 0.00 0.00 0.00 0.00 0.00 0.00 0.00 0.00 0.00 0.00 0.00 0.00 0.00 0.00 0.00 0.00 1.00 0.00 0.00 1.00 1.00 0.00 1.00 1.00 1.00 0.00 0.00 1.00 1.00 0.00 1.00 1.00 0.00 0.00 1.00 1.00 0.00 0.00 1.00 1.00 0.00 0.00 1.00 ]
Label_E_37, [ 0.80 0.30 0.40 0.05 0.05 0.30 0.00 0.00 0.10 0.05 0.05 0.00 0.00 1.00 0.00 0.00 0.00 0.00 1.00 0.85 0.15 1.00 0.00 0.00 0.00 0.00 0.00 0.00 0.00 1.00 1.00 0.95 1.00 1.00 0.00 1.00 0.00 1.00 1.00 1.00 0.00 0.00 1.00 1.00 1.00 1.00 1.00 1.00 1.00 1.00 1.00 1.00 1.00 1.00 1.00 1.00 1.00 0.00 0.00 1.00 1.00 0.00 1.00 1.00 1.00 0.00 1.00 1.00 0.00 0.00 1.00 1.00 0.00 0.00 1.00 ]
Label_E_38, [ 0.95 0.20 0.25 0.00 0.00 0.30 0.00 0.25 0.00 0.05 0.00 0.00 0.00 1.00 1.00 1.00 0.00 0.00 0.00 0.00 0.00 0.00 0.00 1.00 1.00 0.00 1.00 1.00 0.00 0.00 0.00 1.00 1.00 0.00 0.00 1.00 0.00 1.00 1.00 0.00 0.00 0.00 1.00 0.00 0.00 0.00 0.00 0.00 1.00 0.00 0.00 1.00 1.00 1.00 1.00 1.00 1.00 1.00 0.00 1.00 1.00 0.00 1.00 1.00 0.00 0.00 1.00 1.00 0.00 1.00 0.00 0.00 0.00 0.00 1.00 ]
Label_E_39, [ 0.70 0.45 0.00 0.00 0.00 0.95 0.00 0.05 0.00 0.05 0.05 0.00 0.00 1.00 1.00 1.00 0.00 0.00 0.00 0.00 0.00 0.00 0.00 1.00 1.00 0.00 0.00 0.00 0.00 0.00 0.00 0.00 0.00 0.00 0.00 0.00 0.00 1.00 0.00 0.00 0.00 0.00 0.00 0.00 0.00 0.00 0.00 0.00 0.00 0.00 0.00 0.00 1.00 0.00 1.00 1.00 1.00 0.00 0.00 1.00 1.00 0.00 1.00 1.00 0.00 0.00 1.00 0.00 1.00 1.00 0.00 0.00 0.00 0.00 1.00 ]
Label_E_40, [ 0.90 0.10 0.30 0.00 0.10 0.15 0.05 0.30 0.00 0.15 0.20 0.00 0.00 1.00 0.00 0.00 0.00 1.00 1.00 0.00 0.00 0.00 0.00 0.00 0.05 0.00 1.00 1.00 0.00 0.00 0.00 0.00 1.00 0.00 0.00 0.00 0.00 1.00 0.00 0.00 0.00 0.00 0.00 0.00 0.00 0.00 0.00 0.00 1.00 0.00 0.00 0.00 1.00 0.00 1.00 1.00 1.00 0.00 0.00 1.00 1.00 0.00 1.00 1.00 0.00 0.00 1.00 0.00 1.00 0.00 1.00 0.00 0.00 0.00 1.00 ]
Label_E_41, [ 0.70 0.50 0.00 0.00 0.00 0.00 0.00 0.05 0.15 0.85 0.00 0.00 1.00 0.00 0.00 0.00 0.00 1.00 1.00 0.00 0.00 0.00 0.00 0.00 0.00 0.00 0.00 0.00 0.00 0.00 0.00 0.00 0.00 0.00 0.00 0.00 0.00 0.00 0.00 0.00 0.00 0.00 0.00 0.00 0.00 0.00 0.00 0.00 1.00 0.00 0.00 0.00 1.00 0.00 1.00 1.00 1.00 1.00 0.00 1.00 1.00 0.00 1.00 1.00 0.00 0.00 1.00 1.00 1.00 0.00 1.00 0.00 0.00 0.00 1.00 ]
Label_E_42, [ 1.00 0.00 0.10 0.00 0.00 0.70 0.15 0.70 0.00 0.00 0.15 0.00 0.00 1.00 1.00 0.00 0.00 0.00 1.00 0.00 1.00 0.00 0.00 0.00 0.00 0.00 0.00 0.00 0.00 0.00 0.00 0.00 0.00 0.00 0.00 1.00 0.00 1.00 1.00 0.00 0.00 0.00 0.00 0.00 0.00 0.00 0.00 0.60 0.00 0.00 1.00 1.00 1.00 0.00 0.00 0.00 1.00 0.00 0.00 0.00 1.00 0.00 1.00 1.00 1.00 0.00 1.00 0.00 1.00 0.00 1.00 0.00 0.00 1.00 0.00 ]
Label_E_43, [ 0.85 0.25 0.00 0.00 0.00 0.25 0.00 0.05 0.00 0.05 0.00 0.00 0.00 1.00 0.00 0.00 0.00 0.00 0.00 0.00 0.00 0.00 0.00 0.90 0.00 0.10 0.00 0.00 0.00 0.90 0.00 1.00 0.00 0.00 0.00 0.10 0.00 1.00 0.00 0.00 0.00 0.00 1.00 0.00 0.00 0.00 0.00 0.00 0.00 0.00 0.00 1.00 1.00 0.00 1.00 0.00 1.00 0.00 0.00 1.00 1.00 0.00 1.00 1.00 0.00 0.00 1.00 1.00 0.00 0.00 1.00 1.00 0.00 0.00 1.00 ]
Label_E_44, [ 0.75 0.40 0.00 0.00 0.05 0.55 0.00 0.20 0.00 0.00 0.00 0.00 0.00 1.00 1.00 0.00 0.00 0.00 0.00 1.00 0.00 1.00 0.00 1.00 1.00 0.00 0.00 0.00 0.00 0.00 0.00 1.00 0.00 0.00 0.00 1.00 0.00 1.00 1.00 0.00 0.00 0.00 0.00 0.00 0.00 0.00 0.00 0.00 0.00 0.00 1.00 0.00 1.00 0.00 1.00 1.00 1.00 0.00 0.00 1.00 1.00 0.00 1.00 1.00 0.00 0.00 1.00 1.00 0.00 1.00 0.00 0.00 0.00 0.00 1.00 ]
Label_E_45, [ 0.35 0.20 0.30 0.00 0.00 0.80 0.15 0.20 0.05 0.10 0.10 0.00 0.00 1.00 0.85 0.00 0.00 0.00 0.00 0.00 0.00 0.00 0.00 1.00 1.00 0.00 0.00 0.00 0.00 0.85 0.00 1.00 0.00 0.00 0.00 1.00 0.00 0.10 0.10 0.00 0.00 0.00 0.00 0.00 0.00 0.00 0.00 0.00 0.00 0.00 0.00 0.00 1.00 0.00 1.00 1.00 1.00 0.00 1.00 1.00 1.00 0.00 1.00 1.00 0.00 0.00 1.00 1.00 0.00 1.00 0.00 1.00 0.00 1.00 0.00 ]
Label_E_46, [ 0.00 0.95 0.00 0.00 0.00 0.00 0.05 0.00 0.00 0.00 0.00 1.00 0.00 0.00 0.00 0.00 1.00 0.00 0.00 0.00 0.00 1.00 0.00 0.00 0.00 0.00 0.00 0.00 0.00 0.00 0.00 0.00 0.00 0.00 0.00 1.00 0.00 1.00 0.00 1.00 0.00 0.00 0.00 0.00 0.00 0.00 0.00 0.00 0.00 0.00 0.00 0.00 1.00 0.00 1.00 1.00 0.00 1.00 0.00 1.00 1.00 0.00 1.00 1.00 0.00 0.00 1.00 0.00 1.00 0.00 1.00 0.00 0.00 0.00 1.00 ]
Label_E_47, [ 0.40 0.40 0.05 0.00 0.10 0.65 0.00 0.00 0.00 0.00 0.20 1.00 0.00 0.00 0.00 0.00 0.00 0.00 0.00 0.00 0.00 0.00 1.00 0.00 0.00 0.00 0.00 0.00 0.00 0.00 0.00 0.15 0.00 0.00 0.00 0.00 0.00 0.00 0.00 0.00 0.00 0.00 0.00 0.00 0.00 0.00 0.00 0.00 0.00 0.00 0.00 0.00 1.00 0.00 1.00 1.00 1.00 0.00 0.00 1.00 1.00 0.00 1.00 1.00 1.00 0.00 1.00 1.00 1.00 0.00 1.00 1.00 0.00 0.00 0.00 ]
Label_E_48, [ 0.80 0.15 0.10 0.00 0.05 0.55 0.05 0.00 0.00 0.00 0.00 1.00 0.00 0.00 0.00 0.00 0.00 0.00 0.00 0.30 0.00 0.00 0.95 0.00 0.00 0.00 0.00 0.00 0.00 1.00 0.00 0.10 0.00 0.00 0.00 0.00 0.00 0.90 0.90 0.00 0.00 0.00 1.00 0.00 0.00 0.00 0.00 0.00 1.00 0.60 0.40 1.00 1.00 0.00 1.00 0.00 1.00 0.00 0.00 1.00 1.00 0.00 1.00 1.00 0.00 0.00 1.00 1.00 0.00 0.00 1.00 1.00 0.00 0.00 1.00 ]
Label_E_49, [ 0.80 0.15 0.00 0.00 0.00 0.25 0.00 0.20 0.00 0.00 0.00 0.00 1.00 0.00 0.00 0.00 0.00 0.00 0.00 0.00 0.00 0.00 0.00 0.00 0.00 1.00 0.00 0.00 0.00 0.15 0.00 1.00 0.00 0.00 0.00 0.00 0.00 0.80 0.80 0.00 0.00 0.00 1.00 0.00 0.00 0.00 0.00 0.00 0.00 0.00 0.00 1.00 1.00 0.00 1.00 1.00 1.00 0.00 0.00 1.00 1.00 0.00 1.00 1.00 0.00 0.00 1.00 1.00 1.00 0.00 1.00 1.00 0.00 0.00 1.00 ]
Label_E_50, [ 0.55 0.40 0.30 0.00 0.05 0.15 0.00 0.20 0.05 0.00 0.05 0.00 1.00 0.00 0.00 0.00 0.00 0.00 1.00 1.00 0.00 1.00 0.00 0.00 0.00 0.00 0.00 0.00 0.00 1.00 1.00 1.00 1.00 1.00 0.00 0.00 0.00 0.00 1.00 1.00 0.00 0.00 1.00 1.00 1.00 1.00 1.00 1.00 1.00 1.00 1.00 1.00 1.00 1.00 1.00 1.00 1.00 0.00 0.00 1.00 1.00 0.00 1.00 1.00 1.00 0.00 1.00 1.00 0.00 0.00 1.00 1.00 0.00 0.00 1.00 ]
